0 -0.0439628493438247 -0.0108510566297998 0.0331117927140249 4.43734259186819E-35
1 -0.384169614177642 -0.124004403261901 0.260165210915741 3.46944695195362E-18
2 -0.746607115622675 -0.61700231647027 0.129604799152405 7.88860905221012E-35
3 -1.29885449591847 -0.2898695846915 1.00898491122697 6.7762635780344E-21
4 0.215495117764473 2.19354561990239 1.97805050213791 8.67361737988405E-19
5 0.604198999353708 1.49020715554011 0.886008156186404 1.97215226305253E-35
6 -0.765628623509564 4.46185357136388 5.22748219487344 1.25737032721243E-32
7 -0.879113835651615 4.54413532522649 5.42324916087811 2.53819077742772E-32
8 -2.61682135337112 4.66586251380164 7.28268386717276 6.93889390390726E-18
9 1.23230516739159 1.04585445824832 0.186450709143277 -4.33680868994201E-19
10 1.97312267203918 5.40706283642084 3.43394016438166 -1.7347234759768E-18
11 -0.663943070712106 -0.232840839755661 0.431102230956445 2.71050543121382E-20
12 -2.82306590829234 0.951741912213471 3.77480782050582 2.16840434497101E-19
13 1.19607875193523 -5.33851269849677 6.53459145043201 1.73472347597681E-18
14 2.6987743201806 1.97544281913004 0.723331501050554 4.44966854351227E-34
15 0.117367110290654 -5.00458803636396 5.12195514665462 1.73472347597681E-18
16 -0.642439119701545 3.62901561976572 4.27145473946727 1.28239200904991E-32
17 -1.29290859064273 -3.35372789723534 2.06081930659261 1.42488001005545E-33
18 -1.80245312458877 3.10954424747576 4.91199737206453 1.22030002764286E-32
19 0.72989727084331 -2.97961782272669 3.70951509357 1.73472347597681E-18
20 -0.313030515864488 -1.28874009497144 0.975709579106954 2.83989925879564E-33
21 -0.265236967300712 3.33769623051225 3.60293319781297 2.85470966006798E-33
22 -1.63997961434118 -2.85415032668882 1.21417071234764 1.73472347597681E-18
23 0.986938466821691 2.38647190296389 1.3995334361422 8.67361737988411E-19
24 -1.64260275944485 1.32450010179671 2.96710286124156 1.29499529460598E-32
25 0.0787384057948769 5.8982149187779 5.81947651298302 -1.7347234759768E-18
26 1.12672751282239 3.83612586778024 2.70939835495786 6.93889390390728E-18
27 -1.01125487813755 -6.12414102243358 5.11288614429603 1.35893616875963E-32
28 -1.7170262426955 1.03519527948824 2.75222152218373 8.67361737988404E-19
29 -0.33929383215751 -6.27742204867164 5.93812821651413 3.46944695195363E-18
30 1.06334947630146 -0.202638953366671 1.26598842966813 -2.7105054312137E-20
31 3.06214318385751 3.77756010155941 0.715416917701896 6.93889390390723E-18
32 0.92357535149361 0.139006834000789 0.784568517492821 6.77626357803442E-21
33 0.59799237080048 -0.118866651022713 0.716859021823193 1.23259516440783E-34
34 -0.846001008062145 0.927341316933991 1.77334232499614 2.41588652223935E-34
35 -1.02083652915882 -3.95962787266301 2.9387913435042 8.67361737988405E-19
36 0.120794883803371 0.0662225529791354 0.0545723308242357 1.69406589450862E-21
37 -0.700303287901768 -0.638159004107211 0.0621442837945562 1.73472347597681E-18
38 1.44876624142529 -0.679548085825662 2.12831432725095 5.42101086242752E-20
39 1.35776162826645 -6.13137090479596 7.48913253306241 3.46944695195362E-18
40 0.378472200838509 1.67309244077448 1.29462023993597 -1.73472347597681E-18
41 -1.04563750643985 -9.33560875431744 8.28997124787759 1.38777878078145E-17
42 -0.257543995799163 2.70290994362434 2.9604539394235 7.11946966961963E-33
43 0.0340353839043684 1.75509526551076 1.72105988160639 8.67361737988404E-19
44 2.22879997298077 7.10268120453084 4.87388123155007 3.46944695195361E-18
45 2.83099479188354 2.43627619782052 0.394718594063016 6.93889390390723E-18
46 0.365255363115282 5.23060896191731 4.86535359880203 3.15544362088405E-34
47 0.067215026989669 2.70382670177371 2.63661167478404 1.20806652063612E-32
48 0.157902520260867 -1.25309918132503 1.4110017015859 2.16840434497101E-19
49 -0.195451991068248 -4.20704887195111 4.01159688088286 -8.67361737988403E-19
50 -0.693365264377999 0.495165727360516 1.18853099173852 5.42101086242759E-20
51 -0.31921692513084 -0.910810248290765 0.591593323159925 -1.0842021724855E-19
52 -0.706203217863808 -2.87181498910031 2.16561177123651 4.33680868994202E-19
53 -0.543087702630756 0.159966250649024 0.70305395327978 -3.38813178901687E-21
54 1.39391812374154 0.838301930772196 0.55561619296934 4.33680868994202E-19
55 -0.403019900201596 -3.83178136633836 3.42876146613676 1.59744333307255E-33
56 0.204774568539672 3.38996330148277 3.1851887329431 3.15544362088405E-34
57 -0.320154129423239 -1.46333891815282 1.14318478872959 4.33680868994202E-19
58 -1.56278974982481 1.99570964409854 3.55849939392335 2.16840434497101E-19
59 -0.955103393127169 2.55069791868933 3.5058013118165 2.66517889424083E-33
60 -0.148272973995863 0.637506704839077 0.785779678834941 1.92592994438724E-34
61 -0.354243127639965 -0.463270502363446 0.109027374723481 -1.35525271560684E-20
62 0.241502085787056 4.66621487505994 4.42471278927289 1.96464113626942E-34
63 0.766532736972841 -3.87834482278841 4.64487755976125 -6.93889390390722E-18
64 0.634416982468978 4.28657653781745 3.65215955534847 3.35574033510032E-34
65 0.785228464063614 -0.197222441059042 0.982450905122656 1.35525271560689E-20
66 2.29479574010375 2.53107028861673 0.236274548512978 3.77482269099898E-36
67 0.290922767649121 -5.46858035670504 5.75950312435416 3.46944695195361E-18
68 -0.213153172553221 0.280434041983155 0.493587214536376 -5.42101086242708E-20
69 0.480770260472325 -0.213918460875208 0.694688721347533 2.38630423829356E-33
70 1.95029391570166 -3.88770074688635 5.83799466258801 6.93889390390723E-18
71 0.66624139232718 1.25494042582024 0.588699033493055 4.33680868994203E-19
72 2.07182225597742 -1.73920092563912 3.81102318161654 2.16840434497101E-19
73 2.39873011771073 6.32264498136052 3.92391486364979 -3.46944695195361E-18
74 3.38354169629243 -0.497676320203167 3.8812180164956 2.16840434497104E-19
75 -0.327667055818865 -2.50679516331902 2.17912810750015 4.40295318678121E-32
76 0.0291930630490216 -0.0890746661381549 0.118267729187177 8.47032947255337E-22
77 -0.157405184991086 0.171473378477506 0.328878563468592 -5.4210108624275E-20
78 -0.987304074942999 0.781373808622434 1.76867788356543 9.6635460889574E-34
79 -0.289948840823438 1.59934199468613 1.88929083550957 3.08148791101958E-33
80 0.0665538733664251 -3.16565323453417 3.23220710790059 8.67361737988405E-19
81 -0.409400154780863 1.45493901763051 1.86433917241137 8.67361737988404E-19
82 -0.214735712552486 8.43380415445299 8.64853986700548 4.14645013306794E-33
83 -2.06337741927962 1.4539246881153 3.51730210739492 -1.7347234759768E-18
84 0.678631732930646 3.42368842202881 2.74505668909816 -8.67361737988403E-19
85 -0.0433204193499912 4.65766530325032 4.70098572260031 1.28239200904991E-32
86 1.69077408841869 3.59843883781118 1.90766474939249 6.93889390390723E-18
87 1.62849092663718 2.1070780959605 0.478587169323319 4.14645013306794E-33
88 1.11177104925489 3.77464360296719 2.66287255371231 8.33234331139694E-34
89 -1.35840875761921 2.69849073490641 4.05689949252562 1.10933564796705E-33
90 -0.860763074618397 5.56542004070558 6.42618311532398 6.93889390390723E-18
91 0.0832645211235251 1.40534295427837 1.32207843315484 8.67361737988404E-19
92 -0.0346132137949152 0.0797917297875534 0.114404943582469 4.23516473628187E-22
93 -0.345403106149451 -0.0605031990239421 0.284899907125509 4.93038065763132E-36
94 -0.103576389980846 -0.310787815474157 0.207211425493311 2.60817136788697E-33
95 0.642637231169707 2.05563105919672 1.41299382802701 6.03971630559837E-35
96 0.251768099099419 4.57500476288538 4.32323666378596 1.23259516440783E-34
97 -1.84760068723797 1.43671598737474 3.2843166746127 3.15544362088405E-34
98 0.44605513869027 -1.60286874174038 2.04892388043065 2.27906845899008E-33
99 1.38831872971735 5.42891191207063 4.04059318235328 -1.73472347597678E-18
