0 -0.0115997652663919 -0.0189984655658017 0.477442872538447 0.29354363029942
1 0.0262707684524333 0.0301508759750966 0.476202851214878 0.337683291834827
2 -0.0478783780589428 -0.0501378238727059 0.508402077719049 0.413057900079442
3 0.0311976743479184 0.0300718654810985 0.452342248063996 0.300594555496728
4 0.0278158262472054 0.00160653038588761 0.453918033722726 0.360972325101913
5 0.000536453421315767 -0.00392462398549082 0.465265356439916 0.315663047641626
6 -0.00510929464575359 -0.0168625981772468 0.460517328087482 0.335116930803304
7 -0.0162708144062149 -0.0454279830541526 0.484281781275244 0.334270606546632
8 0.0328958990510567 0.0378635903020843 0.507443676554863 0.357021973812652
9 0.0259016416137689 -0.00375477285778793 0.498193997348729 0.353738479676202
10 -0.0417676883402055 -0.0400384952804909 0.482147574953136 0.375137323882355
11 -0.0683971281356287 -0.0689619530461542 0.468578061581548 0.358928370975341
12 -0.0485329244957916 -0.0930379806631801 0.503282045403419 0.36618198412519
13 -0.041480957567013 -0.0443573915414999 0.46982949113779 0.334208194847104
14 0.000190630371745753 -0.00592146167143788 0.475666521220417 0.333402972180777
15 -0.0436431316370189 -0.0384520414800465 0.466282840422505 0.34640247619399
16 -0.00283566089696546 -0.0512688592718154 0.498763413276967 0.374961838937049
17 0.0493664341966457 6.90703260288643E-05 0.483640101954405 0.359365909838649
18 0.056666293626253 0.0765136666441032 0.47389853758369 0.306649665804875
19 0.0241525245983145 0.00176160958663387 0.471295972872907 0.378698039437112
20 0.01242597338775 -0.0608950683586468 0.487792703796864 0.375048474284617
21 -0.0356635318036463 -0.0371625148697704 0.453316481601447 0.291905195591079
22 -0.0404139849809455 -0.0234545840680112 0.483291174853143 0.411773038939812
23 -0.00238339866365526 -0.00449565767371628 0.458975254245735 0.335877978723131
24 -0.00343760808599967 -0.0245373367927656 0.468175263848177 0.370687989461551
25 0.0540776699217413 0.0347139130086995 0.490505457752866 0.347902043513383
26 0.0909630297658306 0.105620414449153 0.478671600971414 0.348106072046856
27 -0.0391323321480167 -0.01039016056906 0.466221292455306 0.30238819576722
28 -0.0119949176510178 0.00914006792856541 0.478581461472564 0.365598385367302
29 0.00514354356729695 -0.010879599872832 0.503330552845562 0.449301773283047
30 0.0294346909670565 0.0340842593965775 0.452084120267022 0.337596873425483
31 0.0311901792133151 0.0345822181947125 0.469196753511048 0.354540706547672
32 -0.00814177183810703 0.0175131742541207 0.460613222661844 0.330227171706238
33 -0.0278251918519108 -0.0357145555208672 0.475627877207751 0.330380594056901
34 -0.0208568940036647 -0.0380845072977552 0.508641854506616 0.359502756976281
35 -0.0439971393132705 -0.0563380392602995 0.478583335751984 0.328168559903485
36 0.00125325100119754 0.0113135568667265 0.467751485783727 0.321915010605415
37 -0.0420505778818475 -0.0157149390997093 0.498919253241445 0.42363417075042
38 -0.0980918886892919 -0.0387972649868305 0.497055325403823 0.373602371914651
39 -0.0710049602987695 -0.0951895795647739 0.496170536461036 0.391200867072663
40 0.0254733202093617 -0.00757989001603477 0.47922890752627 0.317037679541444
41 0.00542725825874533 0.0395929802130365 0.482472506116586 0.326887902951248
42 -0.0327548490660897 -0.0334503877377479 0.468666104795526 0.300139980207629
43 -0.0351342924747492 0.00739365605305468 0.507492304140208 0.382782970404193
44 -0.0197832687916082 0.00276241210945851 0.490171550905696 0.412985313851997
45 -0.0353612747916792 -0.0480670794269066 0.4643334413355 0.306937397370984
46 0.00672840217702013 0.00655273145205436 0.501549504233521 0.344188404789497
47 0.0212499981025478 0.030060221706174 0.483799805896098 0.328627258640542
48 -0.0344382050832109 -0.0547970170555159 0.490862806911814 0.38813492057515
49 -0.00508609155123975 -0.0325297001904203 0.480662039914596 0.307293277554476
50 0.0124807989686212 0.086209591371982 0.461091225530603 0.309635954579859
51 -0.0260238372139834 -0.0590407303992447 0.481713466515327 0.337777638358064
52 0.0218524186276038 0.0170928786078019 0.454707672783735 0.319535556031005
53 0.0192399292087858 0.0818200553324863 0.48675124506956 0.342097931434229
54 -0.0223825115687702 -0.0491481211878613 0.501376441730604 0.369452799323301
55 -0.00229517318904456 0.0181429780317286 0.469124839802696 0.339492738572518
56 -0.0293262507109953 -0.0655250181269248 0.481229417615751 0.352963423983548
57 0.0126947110177366 0.0313798719059216 0.461757654553526 0.342004474730364
58 0.0582116257430371 0.0529357648968306 0.447149146037311 0.365091527481792
59 -0.0656559798362205 -0.0593161330354468 0.457884498806407 0.341030752035232
60 0.0309195812443655 0.0531386715911314 0.470686337337588 0.340379541425067
61 0.0392645398501941 0.00983655666281341 0.483640580452999 0.335913453641098
62 -0.0201213404501139 -0.00804272101342655 0.47444165664787 0.297003988539655
63 -0.0104518775806966 0.0282932772869588 0.483630163423147 0.328204149037532
64 -0.0185186682595568 -0.0131248301372342 0.468368415992958 0.296601790905991
65 -0.0696376871251385 -0.0745386955393253 0.468765704561477 0.333251626185747
66 -0.00831140977742379 -0.0262387317719699 0.462546594279021 0.306219688977907
67 0.000114697377172959 -0.0144360919263322 0.465136568829351 0.32903133791274
68 -0.0549406765500501 -0.0152731691327894 0.485742168617499 0.361280939242162
69 -0.0106419771771327 -0.0158395578054965 0.484861393421197 0.323784147623581
70 0.0134393283233685 -0.00345703004502351 0.474399592722053 0.355395136681225
71 0.0020755242610429 0.0184699711991175 0.458593982537473 0.312354411034311
72 0.00977082754838842 0.0133061995683977 0.458783911178667 0.324614559150837
73 -0.0234212027831813 0.00208448112128545 0.470733509508527 0.331491633388759
74 -0.0212149045080836 -0.00374905627568118 0.450144855573469 0.320481595267605
75 0.0176055699981831 -0.0121825633008442 0.492183821048809 0.360113202066058
76 0.00032258866087691 -0.0298046194232178 0.495436793708888 0.384380871565531
77 0.0864472088541287 0.126165775999916 0.527256279563619 0.382134604738081
78 0.0609356098653578 0.0682561245638865 0.431506600956427 0.305480007969981
79 0.0769946933440235 0.0649139286082943 0.443463592260328 0.290023643679743
80 -0.014490724751326 -0.0233853289634053 0.46967948254883 0.342359178691963
81 -0.00333366864102114 -0.0283388486397326 0.470753519149984 0.299832437255992
82 0.000703222395007417 0.0214973985377602 0.498408879115219 0.36170326463912
83 0.0304625717322228 0.0579735018454763 0.460768938118243 0.339331961105223
84 -0.0136567318882413 0.0126165458133556 0.499558545817801 0.39823372936532
85 0.0430350291108092 0.0550061318609809 0.48440422402338 0.385046145312928
86 0.0768341891768857 0.0169626344685683 0.477089811009349 0.379218320545126
87 0.040446540013165 0.0211483062834695 0.454603108033431 0.308484501003243
88 0.0497984974977731 0.035904506425883 0.46831541433612 0.338276069837803
89 0.0306692824746425 0.0531419786017815 0.515627193905643 0.397394325069149
90 -0.00606602212560872 0.0459858791751861 0.489690851812266 0.384386316578154
91 0.0381243665949626 0.000284813654289262 0.492166140346374 0.362912570563557
92 -0.0283046330821495 -0.0173987104522782 0.499792957744029 0.367833580545231
93 -0.0233014473356677 -0.0369355490354404 0.463415219636179 0.360259297263836
94 0.00324434911571578 0.029577869303623 0.437805222698235 0.321928430007112
95 0.0189523241016194 0.0263104268223721 0.489496356077061 0.361453706573764
96 0.00992352804100147 -0.00343981714405164 0.473029303134582 0.339116884445648
97 0.000627084600151218 -0.00801206892744165 0.477603835581612 0.358423049326918
98 0.00407091803387871 0.0267790289077636 0.445986170503023 0.301243374018833
99 -0.0328367099211942 -0.0298930510338978 0.467349854343463 0.337479080947842
100 0.00368335700804342 -0.00343571059238578 0.461972919039233 0.39686942513688
101 0.0199581596797175 0.0213981363985769 0.475927130194331 0.341610751512433
102 -0.0500339161096359 -0.0370445512648217 0.424397504087455 0.300352618575348
103 -0.06530030441065 -0.0435187344307614 0.484342616846038 0.366137345003936
104 -0.0566526879320927 -0.0145952288317801 0.481909166146977 0.342720994880763
105 -0.051173405709097 -0.0414399033368871 0.46888100727604 0.346252137186301
106 -0.0124972530050958 -0.00609048895440195 0.509840903563317 0.324839859693068
107 -0.00565982947634844 -0.0162978533885909 0.521902434476221 0.438892216380673
108 -0.00968528261571175 -0.0528684898923643 0.469387821275262 0.330385894024741
109 0.0263940719041694 -0.00802033909272647 0.457581719252491 0.348710314794572
110 0.0434596121531564 -0.034099887804426 0.503847528300372 0.389571208297551
111 0.038634140845047 0.0250179851304719 0.480083573379133 0.342227391965814
112 -0.0187379550054158 0.0487931905302945 0.477497274860153 0.321241760906733
113 -0.0287755648858738 -0.0503013004616594 0.477098758554607 0.364006766946992
114 -0.00297432147439668 -0.0156645736542599 0.463542916812961 0.346373938193266
115 0.0237342955661682 0.0286390761045054 0.467112225544455 0.336878106262228
116 -0.00966846593052763 0.0327489812523612 0.507131561595565 0.377557131283482
117 -0.011950626257558 0.000501864084540264 0.481705602562244 0.379509652052006
118 -0.0326637765865563 -0.0461346440535507 0.4754920338075 0.359335308894777
119 -0.0335836724424069 -0.0290722899280702 0.515332854965289 0.397226414093693
120 -0.0115101185198628 -0.0259579440835032 0.496876274454222 0.33755484944523
121 0.0188117604041385 -0.00739545711317927 0.481569072716578 0.360863074915458
122 -0.0106498541808759 -0.0048281811939456 0.495956114974681 0.344213408001146
123 -0.0335119413333285 -0.083379168792236 0.455660034544961 0.30387271036043
124 0.0181604980428312 0.0641781241814661 0.47144227194763 0.294088903140291
125 0.000551120366582266 -0.0267875788184644 0.458724672173846 0.314214367761669
126 0.0318702405275748 0.0449239020977718 0.471180689749231 0.340241608223833
127 0.0294758098612651 0.022537732966225 0.45447091747108 0.341574791258517
128 0.032532788377773 0.0272210948866995 0.46204003516631 0.35625602010939
129 0.0438975015605604 0.0467087093804059 0.475767774445853 0.387834133529157
130 0.00276176230429852 -0.00488823071922871 0.482320361718531 0.353877076151768
131 0.0077068414605981 0.0067061404705751 0.488565849168492 0.390644451522951
132 -0.00570659861040008 -0.00965947322869722 0.460189847539807 0.336801362785153
133 -0.0381846328267172 -0.0460546343956351 0.466124547584608 0.320112164769073
134 -0.00516972356772381 -0.0961517863778865 0.497425269334879 0.352552651788655
135 0.0456282649891015 -0.00126880025722454 0.474136969211256 0.332834747337104
136 0.0721945597596166 0.097555374471678 0.521521117501911 0.40737299893127
137 -0.0100095886119421 0.0128720526256432 0.473204489714359 0.318878504605328
138 0.0281037177734869 0.0277785432249503 0.48002133859837 0.311042586123262
139 0.0515711386780107 0.0270955513114986 0.460302337511036 0.325338376691143
140 -0.0024116939209085 -0.019145813022782 0.485442580417541 0.374668579481335
141 0.0507367383280402 0.03084943901565 0.472469893280654 0.370416103109744
142 0.0505878872249811 0.0765023550301014 0.477804634016505 0.33433229490436
143 -0.0219974202282309 0.0203697162550153 0.483104793666387 0.343380002897436
144 -0.00718560742683209 -0.0621057873572767 0.518051293607152 0.380381999898823
145 0.0545763449842362 0.0772085938234994 0.477656118842286 0.362088259236725
146 -0.0224481833421863 -0.00388893321622775 0.468023615347848 0.363571252648661
147 0.00505995592214992 -0.00255466497143444 0.460041284387025 0.347287414303471
148 0.0306398795358743 -0.0184529560547416 0.492760024509109 0.401683329201898
149 0.0595577723610434 0.0813262474008019 0.486383901419143 0.354278748991706
150 0.00318789730565796 0.0356297679218412 0.45956373851682 0.356089422261437
151 -0.0108413750174102 -0.0478384887591865 0.495262039849146 0.355014424556799
152 -0.0177106391661306 -0.00268165019076532 0.512226065455179 0.415845213673348
153 -0.0389121512744274 -0.0173566317883262 0.458633980895233 0.34334926633074
154 -0.0342365143602314 -0.0401963329129567 0.476859019640975 0.380741886594716
155 0.00696158145700038 -0.0257226384721725 0.489403965445007 0.387279460862085
156 0.00139824305089027 -0.0613277979877299 0.486616125895133 0.371560745453011
157 0.00585449390774046 0.00968483886793606 0.4857886842528 0.36033162870436
158 -0.0105348692295367 -0.0272755433408019 0.462955583460124 0.329652278746938
159 -0.0153130391601148 0.0104671077712713 0.445581370919429 0.335161203673609
160 -0.00576252820037097 0.0269975414325594 0.468191289506711 0.344121958009344
161 0.0215816429541341 0.00302780312032313 0.498572534650972 0.371066275728684
162 -0.000172944165141491 -0.0404776648808653 0.468917227258712 0.341176616305653
163 -0.0195115030317194 0.00102579259905053 0.484539953076564 0.372520175816533
164 0.0108129615203106 -0.0010321932482825 0.45272863856398 0.33085407583472
165 -0.00339341767935891 -0.00813987380502568 0.455643850768162 0.319836844287138
166 0.0263101152956879 0.0282973791298702 0.5018547794827 0.376052399224833
167 -0.0171448757857872 -0.0391836128412039 0.482109883897246 0.318719434027431
168 0.0891709624825703 0.0465955467103852 0.459378964507369 0.330812448009268
169 -0.0164200722652345 0.0336034014458757 0.479382842591625 0.316203362295347
170 -0.028220624096639 -0.0362288760627153 0.502467855978946 0.36685201592367
171 -0.041635593235065 -0.00370359845725385 0.464701368605855 0.267416368454134
172 -0.0306244616190176 -0.0408650061154142 0.473687117055446 0.331451024873674
173 -0.026447962062887 -0.0190718092161074 0.466688604919189 0.352083365991123
174 -0.0388054520411933 -0.0125236250241179 0.47765520555835 0.342685968755473
175 0.00248262393392875 0.0073983170361201 0.469366423264664 0.341896186240267
176 0.0101954389137589 -0.0482899814281102 0.470827246327973 0.284797290459832
177 0.0500532678623294 0.0234002769154765 0.517445283673056 0.43431267400833
178 0.0116429742111739 0.0408749695918289 0.500244739716067 0.367499182518583
179 0.027239366767326 0.00393733016112536 0.515308538838571 0.393457879620644
180 0.0172218411825722 -0.0136357520990636 0.539902941311252 0.498812307671773
181 -0.0172084627317882 -0.0143767646054728 0.481653765155998 0.358735999278598
182 -0.00542541660527373 -0.00907835734228644 0.459732950337278 0.324950459526113
183 -0.0222037603348993 -0.0328162428801047 0.452486232071635 0.311427113611486
184 -0.0382842985276436 -0.0295176868890772 0.501217371753154 0.3317086157399
185 0.0316374714845557 0.0422194084655104 0.482914385029789 0.336955270391734
186 -0.0397888304564033 0.0275486013134546 0.476282289372445 0.408105151571301
187 -0.0303350269909473 -0.0616397194283822 0.491775553832895 0.415793475855661
188 -0.0236297509301819 -0.0332816431398898 0.494183600698772 0.429537714661127
189 0.0116895354740785 0.0171213124735724 0.458367896154081 0.337941815156196
190 0.0308067592220359 -0.00320567763528161 0.453887847838246 0.280462567709339
191 -0.0128621353800414 -0.0340789541165029 0.432766263269941 0.334312459129075
192 -0.0408229754867133 -0.0117296364257876 0.461303313270302 0.363678922311764
193 0.0372612358240978 0.0111618213051903 0.490010245719009 0.404094862128872
194 0.0506070739806186 0.0420485070503322 0.486732902538278 0.371801986799456
195 0.00265806506554476 -0.00939850743852226 0.482833575799252 0.374950778458121
196 0.0026916013407415 0.0311592422159276 0.505989332215637 0.415050458264578
197 -0.0262743614401531 -0.0211957325051933 0.468986957389154 0.341903212232037
198 0.0344558710688558 0.034520237351627 0.524774353044133 0.479803743825148
199 0.00122943042416462 0.0333643374359499 0.4703108396164 0.333529101396454
200 -0.0382811401575245 -0.0334679467870077 0.466333621497319 0.354855006296428
201 0.0300033346664164 0.00625502084013704 0.45327039814774 0.35985574280307
202 0.0444409805767732 0.0208337855326216 0.460515919977358 0.30930923540942
203 -0.0348846410102128 -0.0243117195685102 0.489668010232098 0.369415132905203
204 0.0147235352073775 -0.0202251631348413 0.489690253167183 0.328406416346954
205 -0.0131428709738852 0.0443009650941884 0.467495787012778 0.312530884064374
206 -0.00669920610812195 0.0192142142771092 0.474856097405088 0.350168365586335
207 -0.0646620382341128 -0.0587991350418788 0.449777912611898 0.33674591279343
208 -0.000843347519668836 0.00874153075888209 0.493709175817371 0.378307049130409
209 -0.0445754291539647 -0.0533715612034285 0.465689922430908 0.325449274040661
210 -0.0140814128550887 0.0339400671174764 0.478635711937283 0.353577763551266
211 -0.0559916104002335 -0.0388061263409897 0.456518123778069 0.324326790461188
212 0.0158743832429874 -0.0378596055409654 0.514034543926063 0.413841750414674
213 -0.00439324301424708 -0.0218509471764964 0.459474570304203 0.314098382474904
214 0.0350329018185066 0.0076607837652638 0.474174390003215 0.381464920463772
215 0.062825376102525 0.0605467748604066 0.473923160374669 0.310807034255017
216 0.0155121896157256 -0.0153217413351691 0.48967450941422 0.305627431172654
217 -0.0168712917023252 0.00168544772480825 0.492451115861613 0.423828926154892
218 -0.017375207373276 0.0119777143949633 0.437924678880248 0.290230282858512
219 -0.033396252481311 -0.0315015033084899 0.491129725967759 0.380832923732908
220 -0.0058648393571432 -0.0219441332232102 0.488728706636835 0.346104920252865
221 0.034453824835175 0.076001623224496 0.471841513252635 0.335296286963381
222 -0.00302542314396378 0.00908840469351559 0.482506126006681 0.344471418958399
223 -0.0320906373112547 0.0440778400129674 0.519011882855631 0.381983737087847
224 -0.0100770868830578 -0.00847606942829485 0.428907872529205 0.295645447688948
225 -0.0259934042771533 -0.0509535900349115 0.489527020636451 0.363904382358305
226 -0.00663056100233947 -0.0471013772557728 0.514914911942052 0.444412617474354
227 0.0193804656443809 -0.00609958423288559 0.484942398113396 0.353208197955614
228 0.00225836842084755 -0.0183214833931394 0.497118822384574 0.353410137855423
229 -0.0470042424126083 -0.0164552585294715 0.526058303623157 0.397670648881638
230 -0.0606216189975559 -0.0812663406605109 0.510171546705096 0.409753038564003
231 0.00146578515084635 -0.0284788673419402 0.466449820320157 0.316924018056488
232 0.0807194488348287 0.0885019144227753 0.451591080544738 0.321373834821958
233 0.0181635096844386 -0.00220329916357847 0.46654817965582 0.31489008218769
234 -0.0180220646044003 -0.0273587800607178 0.511085428288116 0.353386356387465
235 0.0317990839922937 0.00743072605744351 0.463800397114 0.310994160245144
236 -0.00398166142105805 -0.00292883129736365 0.494569758262418 0.375105129362397
237 0.0364293319607236 -0.0213087786718573 0.537101877866037 0.482348216938299
238 0.0306218014064988 0.0437662666996613 0.469849739370643 0.395664517651175
239 -0.0157590576769038 -0.0228213203895372 0.478189970164617 0.370364615120447
240 -0.0010966680265503 -0.0335479882614462 0.494397513453868 0.416303892976181
241 0.00214990807791257 0.0297475259128362 0.445752728795701 0.326069551159524
242 0.0254179666703686 -0.00940419503070511 0.475016037935373 0.317626545081256
243 -0.0369176494586041 -0.0346559811118555 0.496582591100177 0.353388553129123
244 -0.0182143264735733 -0.0387816240216231 0.452041255878836 0.309951708144005
245 -0.0359590129906152 -0.0331010737476566 0.488325511784117 0.410114910844725
246 0.0126393615931701 -0.0240834599287812 0.478735533851427 0.353590175457658
247 0.0123030984744374 0.0270889436843502 0.511114359951612 0.465004008446576
248 0.0392288315957606 0.0447113657212022 0.489593856539371 0.318506798830358
249 0.0394767822942062 0.00420755502348656 0.499071077823621 0.381825343252987
250 0.0722697558980604 0.0776110986086415 0.502225431400482 0.40201935277736
251 0.0335242972782449 0.0320392880581098 0.46747242140482 0.333534820315833
252 0.0479341227858178 0.0360406840219366 0.466324312286348 0.338826481211593
253 0.0448336918311123 0.100087878754093 0.507720678402961 0.394346541854303
254 0.0424565594092802 0.055764899485899 0.480770333357397 0.354051307862654
255 -0.0219332693488301 0.0194378194461594 0.496089686328137 0.350969193265336
256 0.0238887741510669 -0.00601009260478845 0.458967614252618 0.297696404043749
257 0.00978662091825642 0.000636649595031214 0.474481419412204 0.384238372866498
258 0.0333199628965128 0.00966414281102275 0.477695272798214 0.373088774969457
259 -0.0236870724435273 -0.0243538966462582 0.496042215021246 0.370887467324934
260 -0.0110774197621698 0.0176914542098879 0.47158507780629 0.352825508446722
261 0.0298100142346573 0.014658070046847 0.518786770653957 0.427134824059645
262 -0.0233268791476155 -0.0140205337280964 0.464978247881654 0.303573187963933
263 -0.00610154576201019 0.0155697970552998 0.495706935021174 0.348878717176789
264 0.0114044541670905 0.0153290136479034 0.483663793598261 0.366769780283804
265 0.0030983853303602 -0.000633527212821729 0.459398525967127 0.284448059216609
266 0.0133797690564869 0.0214557543551655 0.520305573209727 0.455636241372768
267 -0.00439993219508154 -0.019874599413093 0.502228685243947 0.422930020433538
268 -0.0576777985504366 0.00524374073994528 0.471122525445421 0.358873243314747
269 -0.066660209763673 -0.0095527175615786 0.482341364004286 0.335587489402216
270 -0.0820737501285001 -0.078738313078499 0.481156373470373 0.342389779272177
271 -0.038582197243581 -0.0538424329133488 0.49960162126506 0.37660209868269
272 -0.0483931644674049 -0.0504155557575525 0.509474861874232 0.421054089370729
273 -0.0101883566239111 -0.0125786864354257 0.460724090982702 0.332443365335273
274 -0.0453717905326402 -0.0518411092026536 0.505558132837029 0.378076970082105
275 0.0135466718518304 0.00404371619980841 0.500008896470481 0.326372576092721
276 0.0483554900595032 -0.0017358655326094 0.469712788122343 0.354182052122078
277 0.0156583794402301 0.0282478290310605 0.464615426401202 0.353075107764985
278 -0.0037476577872623 0.000530533611158285 0.432164887669961 0.278904919023299
279 0.0269337317399881 0.00842998327842153 0.455050830611235 0.340654976133286
280 0.0162232754244956 -0.000450949406666975 0.486696347254106 0.388723845605694
281 0.0158852060928892 -0.0182977918181817 0.473088177071085 0.341858646876506
282 -0.00636319366629451 -0.000842559339911059 0.473189774986759 0.347378525531171
283 -0.0176077876482888 0.0122717294377292 0.52956037682772 0.521174429959408
284 -0.0141798267163486 -0.000575548408774507 0.477712633217493 0.360425425653336
285 0.042518433712819 -0.0234791937179463 0.469798589540987 0.348618525489236
286 0.0463118151646548 0.000627929515629189 0.484076938119061 0.381515485292307
287 -0.0239199371305831 0.00800413239478347 0.468754314772582 0.349410360656437
288 -0.00812453146080344 0.0145865592390953 0.478594209982806 0.342317347383329
289 0.00512082353028716 0.00217204995781584 0.459628301875583 0.349394299607198
290 0.00778293090610241 -0.0100620960629634 0.485154101000859 0.367522757729168
291 0.0251138162415183 0.0233251559126315 0.479143787914385 0.331524886111579
292 0.069747045367852 0.0631427871991846 0.481691061684458 0.343571508243787
293 0.0213434287304029 0.0594277518456442 0.471146513448258 0.340558478934684
294 -0.00354451062850556 0.0214153367898868 0.473053568357063 0.311254245014359
295 -0.012570871089533 -0.0312490670382599 0.455219213102175 0.353732869278925
296 -0.0585444800197976 0.00948428522438087 0.473251324661566 0.294794724510022
297 -0.0624876370023201 -0.0713596291200085 0.492236093314347 0.388513256010481
298 0.00370478843715974 0.0081561133899825 0.459252761064183 0.317739282798353
299 0.00457394982197347 -0.000898423845522287 0.507586704742668 0.404309738411771
300 -0.00590490200421099 0.00993955315017561 0.463410564129523 0.332461350956066
301 -0.00159131241377544 0.03257812556188 0.473195413938818 0.356033100745076
302 -0.00444685848551722 -0.010129610435157 0.462397621792961 0.332777553652898
303 -0.0403749680226312 -0.0353057402504532 0.455464024013842 0.305589984941536
304 -0.0130211163834366 0.0490313750455266 0.48580021596098 0.363394166152073
305 -0.0405566555702782 -0.00517939311115042 0.478991524979225 0.344438850274649
306 -0.0135731443025069 -0.00176955203941347 0.495054229298785 0.378106752293651
307 -0.0109336172151854 -0.00794820423214728 0.475663077103095 0.337406654328737
308 -0.0292631259180391 -0.026791991980214 0.430898354764725 0.3340881422516
309 -0.00432157028858627 -0.0139500706935933 0.488122015982048 0.381753903642626
310 -0.0227757794471614 -0.0371144214627947 0.49151510527032 0.354106968498574
311 -0.0487578206577593 -0.0101029498686067 0.476059969796023 0.31507127658546
312 0.0246349145216233 -0.0337134764218683 0.470490348505466 0.309300509641912
313 -0.0157724178223997 -0.00372764480492743 0.468758000891087 0.371655806361093
314 0.00416261982613996 0.0592888540357379 0.491489523954891 0.353794029442072
315 -0.00646163043533763 0.0285994279461547 0.479007237231984 0.343612534264842
316 -0.0141853647502146 -0.0157928470098994 0.466414107413955 0.332168953803888
317 0.0310767630677323 -0.0145707048175804 0.462240006582982 0.341763833962951
318 0.0173291324084001 0.0661911440515456 0.505022941536833 0.400699349724138
319 0.0113166674091943 0.0209540331898697 0.489292330385939 0.354102732989838
320 0.0187830146527284 -0.00122576706623645 0.428336050849695 0.280991096466346
321 0.00406138495595642 0.0231082908842143 0.476068602481936 0.339625675615667
322 -0.0163957929659592 0.00842306872637241 0.490852584542102 0.328232327754149
323 0.0225057580383542 0.00238907145492401 0.493898770006326 0.34604634851867
324 -0.0240448901276181 -0.0104673033871889 0.477324112695451 0.346938027357142
325 -0.00129371358804282 -0.0178750064161108 0.453287957846226 0.307999873712017
326 -0.0336944125819067 -0.00777412569596858 0.482603260301493 0.36559471844572
327 0.0395014319587585 0.0149900002846048 0.497029643008714 0.335101225253559
328 0.00327280602561326 -0.050410465497728 0.500083051399175 0.356719632364344
329 -0.0129726348736645 -0.0504631867653089 0.499028110589221 0.401838528239443
330 -0.00467319419509757 -0.0455161585356847 0.477732617404771 0.380045215449003
331 0.0356082919582502 0.0195861079873023 0.492262686992929 0.366687863755462
332 0.0463595815420404 0.058892198251811 0.445516983916374 0.273303369263571
333 -0.0204797511484692 -0.0377740632233127 0.503597916315703 0.497993197198571
334 0.0401659598923245 -0.0042711322863384 0.487333451102441 0.360216981387622
335 0.0235283038816465 -0.00223823453974797 0.469960495881765 0.359596837192052
336 0.0110877670290923 0.00590934660018037 0.4916165575208 0.387516997235921
337 0.0451453138361523 0.111748312461354 0.488624517361729 0.323859528678224
338 -0.0423425344872399 -0.0726582440450992 0.461742987281159 0.344329332504119
339 0.00268829882260808 -0.00647033921134845 0.512770399572199 0.427957938994038
340 -0.0571316119582652 -0.0174608974825267 0.464653835355602 0.37460040702296
341 -0.0639013271990051 -0.0671910640247113 0.455237249017967 0.298894650002001
342 -0.0225989651916234 -0.0138829583098015 0.458583486748788 0.327791190029193
343 0.0169140713295764 0.0114277906013655 0.482393589967976 0.293518269613071
344 0.00132735596381845 0.00705813603252655 0.468330974266653 0.342538774367279
345 0.0445870539526163 0.0608088389960008 0.461343898432964 0.295082299877892
346 0.0195212561811433 0.0139283760055786 0.471054047952101 0.345814087738022
347 -0.0139561776944554 -0.015094719734577 0.490251926603603 0.362217580260672
348 -0.0173795423281992 0.021041978158336 0.48802783585282 0.354896783419682
349 0.0388325948463264 0.000750105135553583 0.530702947064889 0.434964652950953
350 0.0656067919224868 0.0666627690834555 0.483943478629728 0.342902504001038
351 0.0551303540131711 0.0286552193137572 0.458534076731696 0.336298182419614
352 0.0502454278734849 0.0851377582365658 0.477536732372323 0.375871474198446
353 -0.0952521475653978 -0.0388014153129423 0.487744441629122 0.41765895556764
354 -0.0253177728086738 -0.0333752506799134 0.446716535627671 0.30836747834604
355 0.00338551342725018 0.00425852259542294 0.47886329787088 0.352732233678414
356 -0.024882664307039 -0.0145620453836991 0.495312853175707 0.372073366913677
357 -0.0394329403018301 -0.009516782737719 0.490273229113725 0.39999464164879
358 -0.0303376532117274 -0.0474180601601464 0.456601706695527 0.282587309852785
359 -0.0186623237922034 0.000622312282969885 0.45924954005105 0.346091416803531
360 -0.0194972149456986 -0.033750164541725 0.486033363277632 0.34247193213974
361 -0.0363412100900387 -0.0402513046169572 0.46333158504562 0.303688580325875
362 0.0338635949672082 0.0310065349177542 0.48152755692316 0.381352503351068
363 0.0341753418499675 0.0530150902903214 0.47010616291192 0.355364561332487
364 -0.0361474999766458 -0.0205892363835683 0.466268255024921 0.337433786238751
365 0.0160812300680173 0.0242105391104549 0.488175074969026 0.357796822317482
366 0.0114390756076619 0.0191510790120016 0.46849744743804 0.30612338868935
367 -0.0247991176397138 -0.0398214251203774 0.475879739254953 0.332809962989349
368 0.000218891091945739 0.0234951370822594 0.469775049128999 0.321949183549867
369 -0.0120846798058427 -0.0017177500013214 0.468792240020476 0.311238650995468
370 0.00662507989375296 0.000275537387489948 0.512024433066536 0.406683730334807
371 0.0466567563101046 0.0378687040999824 0.464043104054764 0.381951448241018
372 0.0429042085219602 0.0392872874031194 0.510865422998674 0.446594022334077
373 -0.00805442141382464 0.0189183557037506 0.501443201868172 0.434098335591893
374 -0.0446955062649734 -0.0517881972256657 0.466115255347047 0.301157073888988
375 -0.0157592899329951 0.00430206526544259 0.457546956006238 0.355756413696866
376 -0.00558324836964145 -0.0316715780546094 0.472424868259646 0.400337086618184
377 -0.0391387688398294 -0.0412054648065321 0.48154639172116 0.340287725710199
378 -0.0166145066566297 0.00193060250044708 0.467008651272865 0.367210342242293
379 0.029876022802981 -0.00904608900366631 0.461861381909347 0.353414428370071
380 0.0097548476879223 -0.00116794622310616 0.477698213978717 0.341981643593104
381 0.0267295396117485 0.0442583959193805 0.454624391128022 0.319691612824576
382 -0.0143126418983394 -0.0317916224781623 0.475888118018347 0.332010864406442
383 0.0183386410103942 0.0290992858835105 0.459097361300419 0.310328838772742
384 -0.0531935359125403 -0.043519753520851 0.489756222540705 0.314950650897681
385 -0.0162760288427168 -0.0263835095630058 0.458981996664765 0.35970747147748
386 0.00385839407312593 -0.0562361495104092 0.469470624245356 0.346915666817846
387 -0.0185056565431869 -0.00471109537487169 0.469578524734779 0.314547527258648
388 -0.0163485007115712 -0.0253198189238742 0.473238971986085 0.311962857963963
389 0.0182633781496626 -0.00272710975733745 0.477565614007557 0.343788968471009
390 0.0432181107161305 0.0328914666799378 0.437107579396978 0.289681969381667
391 0.00618959127263496 0.021666510422693 0.490768766457232 0.379560981571262
392 0.0729465003626449 0.104903130009458 0.505521939206787 0.376002973531526
393 0.00537866501986549 0.0160400789606779 0.50700587674715 0.37160172263808
394 -0.0327207790296776 -0.0460836205184869 0.46066458690761 0.310846791147066
395 0.0332546790609962 0.0014047375769315 0.507482132387959 0.425111858909347
396 0.0193331025564422 0.0503018587422807 0.500536857729643 0.409633511878418
397 0.0204454204612606 0.0057189762177577 0.471769153797854 0.30374403524989
398 0.0111511444110094 0.012456720098898 0.485205332067035 0.397253428949433
399 -0.0749210667052791 -0.0747954800204428 0.449658835454546 0.326036158822079
400 -0.0201148675022576 -0.0361977402171866 0.472202052452726 0.307918081024328
401 0.0422878433986384 -0.0184832467214277 0.511286151369417 0.385314970281741
402 0.00118211773060773 0.00565375157205607 0.47868826406496 0.38891384653389
403 -0.0586699710618199 -0.0731347900935095 0.471138286341568 0.355729056120759
404 0.02655384485198 -0.000408872844149489 0.481851678903949 0.377696343239218
405 0.0127143802345107 0.0384288721168171 0.463243269791079 0.333934540863797
406 0.0225708762025317 -0.0112197394792978 0.481768014340298 0.324271247370906
407 -0.0112080741934871 -0.0271639915928263 0.464918118951563 0.331193824285835
408 -0.0267752012207148 -0.0120373913077105 0.471380674055915 0.31161095268239
409 -0.0234651741262956 -0.0014956665939915 0.478457356737922 0.389368913372682
410 0.0169321344676382 0.000116913455226456 0.45654802848209 0.343226012371562
411 -0.000347233710539329 -0.0182677599281728 0.520467895199111 0.473853829264267
412 -0.0141871230155046 0.00951642203806597 0.480743217316069 0.353669182261434
413 0.0140511595668345 0.00652807018187525 0.457533832256399 0.312471287476441
414 0.0313583273081057 0.0257947212205364 0.470350875534992 0.376055770550502
415 0.0151399746030367 0.0445598118786975 0.475528627785911 0.33291435397277
416 -0.0172282584353796 -0.00681087359654071 0.484158916806165 0.348297761977759
417 0.00647830699394168 -0.0263331145221085 0.468523142278932 0.3370979192057
418 -0.0442355938155404 -0.0619157797726286 0.489776603622356 0.390796416635245
419 0.0586327577371338 0.0125585505809655 0.456077753944251 0.38284571162998
420 0.0520539352548316 0.0459183259785627 0.48946248071752 0.409222138590676
421 0.0375895115208059 0.0477139948934778 0.493655866891357 0.383158601578464
422 0.0347587133356954 0.0426070522455593 0.482667045955072 0.364018234719535
423 -0.052721149945319 -0.0553111886124049 0.463257898083634 0.364349797850097
424 -0.0130798145554206 -0.0231765036192691 0.477066769949921 0.392528063370506
425 0.00595234306814757 0.0234353542591531 0.470505212999206 0.314769056052356
426 -0.0146409282665827 0.00641391033539895 0.486094409812996 0.406262106734708
427 -0.0530175102786392 -0.0457095972226398 0.472417477014083 0.347546863845499
428 -0.00249420423019887 0.0371245833006886 0.478839912467072 0.320375607483073
429 -0.031085294995264 -0.0112782343171448 0.459413240644925 0.336488688934246
430 -0.0458582479204354 -0.0551653194318267 0.490145675772059 0.407986322701965
431 0.000734387280164483 0.00229204826662656 0.472852866527086 0.340257541860063
432 0.0238251697854766 0.00918890703316826 0.467566540949273 0.358669319380982
433 -0.0275145089834726 -1.00650811587452E-05 0.470555902486202 0.367532935241986
434 0.0248903538932591 0.0057118131366041 0.458348723005159 0.329772880883063
435 -0.00915348099763477 0.00689243861936807 0.460743571391952 0.341480981074921
436 0.0411335742819123 0.0274718990778482 0.477940569813566 0.361718700955721
437 0.023400771079327 0.0429338995351772 0.473126982867908 0.343061122620898
438 0.0359040994968078 0.0532099315832408 0.480331440645024 0.360096131570286
439 -0.00721066805607743 0.0417308958592923 0.453673550772216 0.310037138427363
440 0.0309749203697225 0.00234646170742034 0.442822175123012 0.287186577434756
441 0.0254176558569987 -0.00305466587839324 0.478930774698429 0.380806903916297
442 0.0110231754426469 0.00466759439138138 0.489418298743596 0.38223707860958
443 0.044433883738159 0.0688461878539191 0.478299061858684 0.36930569201994
444 -0.0161447620996815 0.0351640289417088 0.476922919299182 0.318124093369832
445 0.0101547252239778 0.0516721646870308 0.47837886790567 0.374121067546696
446 -0.0167518287624413 -0.0152299228412395 0.464409591933986 0.354208872264797
447 -0.0167910804960209 0.000628357496254692 0.522254142481199 0.456956326318315
448 -0.0440657653198708 -0.0507232074376305 0.468274925313591 0.397907823487231
449 0.0806347351862845 0.051455871808367 0.498143150055132 0.384108542810618
450 0.0230581723858832 0.0171708945163717 0.462777865837551 0.352385729027162
451 0.0119288556912987 -0.029777543236945 0.485473754881944 0.321435980003485
452 0.0718559044194359 0.0502403833815061 0.481594237449338 0.313461825418099
453 0.0006557478712236 0.0458616017012603 0.481333064468626 0.357889971779235
454 0.0729739727701537 0.036813436844452 0.489795539743937 0.397770764489956
455 0.0330451389137806 -0.00229526143871834 0.480308160420385 0.342920529575771
456 0.0061252292996422 0.0535098075343808 0.468148045512828 0.333808164238161
457 0.0284749331044276 0.0790036896515098 0.465012276566071 0.335920033001216
458 -0.0227720748839283 -0.0144960580284501 0.448532864578773 0.307105239515335
459 0.0259905898359046 0.034202801944479 0.468465865830134 0.318474063096373
460 -0.0134053285034539 -0.0405537738039643 0.481151654367563 0.336868607745641
461 -0.0260958447918825 -0.0173864852539153 0.473239790237413 0.332646618110076
462 -0.0474119885866807 -0.0419216118935086 0.465676032374266 0.316034487806559
463 0.00340297783127757 -0.0113790748762788 0.465702208473243 0.332169931390941
464 0.0337108718543509 -0.0106677824694556 0.464607087547522 0.352784658176489
465 0.0200176101266055 0.0253182033927701 0.44020132224302 0.300689756918534
466 -0.0152361011585204 0.0044231389478328 0.440679687101736 0.32662965279125
467 -0.0458767452599875 -0.0262094910949003 0.457450765125342 0.337512616996867
468 -0.0172327884712376 -0.0148827573853365 0.476738404667523 0.387264309075618
469 0.00296038050335549 0.0016837686965632 0.511871550871976 0.43514695155566
470 -0.00562923941058222 0.0244226427403351 0.479045799371049 0.333633425264071
471 -0.0474498108847167 -0.0740149310174041 0.47240767123407 0.36800422719221
472 -0.0245299611682239 -0.0540912118041089 0.480514884072903 0.366226569315602
473 -0.0168260587607919 -0.0228216163236285 0.467140875610428 0.299414625768389
474 0.0201162153420541 0.0327333055079149 0.475756558819561 0.326438555352957
475 0.0766046190568436 0.0478255858608059 0.490309043801315 0.38561477102766
476 0.0823861175282392 0.0394399954502051 0.498754809387304 0.327736643149173
477 0.0681048395822427 0.0420009604686743 0.486946289901248 0.377453309993051
478 -0.000973682530174847 0.0573625054430765 0.474112902348031 0.336103242163798
479 0.026603143440758 0.0387886278488641 0.458692879497384 0.31480951585754
480 0.0112989118980715 0.0183125658215697 0.467984003236973 0.340798058794672
481 -0.00718877278339155 -0.0201967688021252 0.495227470567707 0.39565800766912
482 -0.00596579619134688 0.00694177981028643 0.478967020126984 0.364628692411152
483 -0.0224424729047893 -0.0309814627874941 0.453197879846754 0.254290768984868
484 -0.0308742299087416 -0.0308571757650215 0.491984734365154 0.378432272939792
485 -0.0830498781511678 -0.0326023454892178 0.469751865734365 0.336167431561887
486 -0.00632573703130931 0.0232754272552045 0.465675372935954 0.3378269982604
487 -0.0280189013960736 -0.0378282282438584 0.448097841457972 0.336294243911962
488 -0.00715367780330053 -0.016169938557445 0.465846939324556 0.360097868758318
489 -0.000998727670746713 -0.0354507436486775 0.49941576819627 0.395795625464147
490 0.0263414726590845 -0.00131126940457091 0.474895876405866 0.395394366301228
491 -0.0312368598095886 -0.00147435080759811 0.44817843653029 0.349609970569282
492 -0.0168108157702204 -0.0158954470709779 0.504547211370495 0.404974262612541
493 -0.0112239417979281 -0.00143063862700392 0.484083462784515 0.369263572751197
494 -0.0275834964032392 -0.0735498300591245 0.452325302396981 0.325482368862316
495 0.00447385822060324 -0.0131193512856918 0.482596765367013 0.35320218044208
496 -0.0114964536826567 -0.00566463091584268 0.501811124942101 0.38966662899904
497 -0.0194705608210806 -0.00386598676219593 0.454593814616577 0.333541327545534
498 0.0140238106658203 0.0312983032654767 0.447538857363822 0.286819648222208
499 -0.0275770728506824 -0.013444229055328 0.470960405710249 0.310289932001487
500 -0.0189080022948894 0.00552914761409014 0.475509824597976 0.291021334181857
501 -0.0353839875527251 -0.0483586270025727 0.491662989861692 0.413299582760255
502 0.020744536592449 0.00635687782596507 0.488082919235533 0.363068819662224
503 0.000989762792748762 -0.0290789314363891 0.474456251188661 0.332141597111542
504 -0.00178396757097565 -0.0122066197907445 0.494265226582747 0.399289548980173
505 0.00643184943153966 0.00840496423093738 0.458131317224797 0.340236034610782
506 -0.0117098852663497 0.00946359826193022 0.486050086726231 0.369825854829657
507 0.00524963501158393 -0.0083962238129933 0.475357468652453 0.318633014959559
508 -0.0167522744364633 -0.00482586610097435 0.489087936051916 0.376028626114162
509 0.021781220722286 0.0141808512815432 0.469691083684925 0.345862087477409
510 0.00993208408089877 -0.00010389205805212 0.454492069782696 0.321267414677441
511 0.0136468935612204 0.00593587821971135 0.470689184217558 0.338845398970166
512 0.05402320626125 0.0423667573254772 0.466782535654071 0.361123135926969
513 0.0349337126473014 0.0225117933684825 0.469279645047389 0.398503637427087
514 0.0198280098009138 0.0226821499168082 0.472397445045416 0.336706998547136
515 -0.0179543832750057 -0.0173500351250022 0.479177464271048 0.306387969298642
516 -0.0050470833479609 -0.044064862862765 0.502840857751902 0.348709648231762
517 0.0234648479120474 0.0250177782734938 0.487404493395012 0.371930735851341
518 0.0193722656768434 -0.0179818147092035 0.451416091684195 0.317552405313331
519 -0.0282822042609853 0.00874205812445752 0.500170919216431 0.429843749100146
520 -0.0135789329295523 -0.010223771495604 0.502488120058215 0.389722634851898
521 0.00681864877507026 0.0192961760556624 0.458219863097076 0.335711488062828
522 0.00577660348569589 0.0287835832169502 0.48885506793462 0.376997959584181
523 -0.0178031837683083 0.00883674933283234 0.476903999754961 0.344919953824439
524 0.0029891004727423 -0.0251580699496076 0.513859386572063 0.424622306014209
525 -0.00405166877634434 -0.056917544664134 0.488157396545457 0.38009647324457
526 -0.0118126702486428 -0.0682716056508029 0.466707112145822 0.339814543634406
527 0.00838902111158839 0.022135560744642 0.462465763552339 0.308488306627877
528 -0.0083204043677853 0.0345674047178216 0.466112890776359 0.308978276070844
529 -0.0113452409528013 0.0220693785136063 0.516941755701867 0.373100180362002
530 0.0160170746735802 -0.00123581777869411 0.468991458550715 0.339126676430995
531 0.00112032413725222 -0.00769835900363634 0.480538699087323 0.336585980311771
532 -0.0332715697377891 -0.00545198391058933 0.508648011776916 0.39764404424485
533 -0.0294581208286554 -0.0161631638744812 0.465136404227594 0.351630679990857
534 0.0537197391396951 0.0158972008824283 0.457197363290384 0.360657574841031
535 0.00413721204324617 0.00977282324270498 0.506618058049465 0.387727817554027
536 -0.0496147423633406 -0.0335820406141385 0.478039590974566 0.32456696762462
537 -0.0147308117059209 -0.0190156508007618 0.48753083039279 0.356932577503286
538 0.00279661824542036 0.029698211902674 0.506995867836709 0.386820272223404
539 -0.0087292232364135 -0.00224692065964297 0.486760980376654 0.374509621716192
540 0.0224414707960906 -0.00834466168895858 0.477613523263022 0.386501651093658
541 -0.0268325328381813 -0.00292142422783881 0.47008511665061 0.336639714940194
542 0.0103488412929373 0.0175756305454114 0.501439878068964 0.375617246629596
543 -0.0221269351378687 -0.00971109495711828 0.462279788738126 0.296703407214192
544 -0.0472764402926569 -0.0390606969862543 0.483871115524213 0.332395526143819
545 0.0174023492135069 -6.84871246361096E-05 0.470162052278972 0.366438986055841
546 -0.0036808849795013 -0.0284102582574649 0.515896462364296 0.402939949347679
547 -0.0615905755137809 -0.0657976110770524 0.478967361698822 0.337498329590696
548 -0.00542597600735579 0.0224988647531009 0.504743012038647 0.37557801495041
549 -0.0671057738425592 -0.0104052062485209 0.453205257795301 0.316660737252059
550 -0.0405506299712448 -0.110843691217777 0.506696687243869 0.432351003064722
551 -0.0487286718591674 -0.0820416319390729 0.47210916968741 0.338168704268776
552 -0.0742819228370219 -0.0452696560339796 0.505389212813222 0.392273169129823
553 0.0169047656752573 0.022825055153717 0.479242931046746 0.330073816821986
554 -0.031742973337137 -0.0495453881252226 0.466991653261253 0.358290076996892
555 -0.0303948574278141 -0.00847681819223606 0.468264491440943 0.309456066995672
556 0.0784885956352489 0.0357879757269476 0.441538429469319 0.33747338358837
557 0.0208639750331555 0.04393865742885 0.468867309722091 0.325482870487774
558 -0.0239361141099261 -0.0438773422286518 0.462313720249591 0.309234645355611
559 0.00194459189564825 0.0047826973534508 0.483145070298348 0.384181070639982
560 -0.00379947683436953 -0.0191566963076831 0.470777895980508 0.367471683252626
561 0.020520271525891 0.0188420524294201 0.45742518574345 0.344917982927173
562 -0.0202423146924551 -0.0396062612751617 0.453377527496173 0.325218917492885
563 -0.0102825782633391 0.0106535261960682 0.471602613659182 0.368621217043039
564 0.0423304470031763 0.0227686731097382 0.49565601252178 0.417802069704337
565 -0.00547851530872987 0.0206701107212852 0.481851720192026 0.4102977034967
566 0.0141200693337378 0.039485867880379 0.466469622987823 0.354166484329192
567 0.00134926086071001 0.00506045327341767 0.473162177334996 0.353589728266298
568 -0.0102648597138481 -0.0371802388319392 0.471957523203201 0.354682902990192
569 0.0392752206784576 0.0317745587320586 0.457748804980983 0.342205104285646
570 0.018985336258725 -0.022812760607706 0.48288227300526 0.351418066050909
571 0.0717310202067272 0.00627531369678113 0.497527749446761 0.337902688780422
572 0.00144268759205459 0.0242190255810778 0.450519802704266 0.30935528084253
573 -0.00983804746735406 -0.0232082445540716 0.494438282021062 0.36431861310972
574 -0.0582706479706763 -0.0848522797775972 0.484600419651743 0.337727187494064
575 0.0278468953579578 0.0161657231985723 0.481928591311976 0.410169017296898
576 0.0115811262864844 0.0271315689701384 0.482395461194063 0.348512778263781
577 -0.0029124784655259 0.0124688502046116 0.462424069644076 0.340444549168483
578 0.0706979043289728 0.0241527036877566 0.478660092391803 0.34842852393704
579 0.0294620864664616 -0.0320083318117213 0.516244432456453 0.416692347083404
580 0.00690194253985468 0.000163585942951234 0.490596377863023 0.371086323698245
581 -0.0126449138712027 0.0169981320490718 0.523341360502823 0.443823808856892
582 0.00318144994248731 -0.0192271031247972 0.47567079635602 0.388825294825044
583 -0.0201979002243474 -0.0370912206832177 0.483317556212889 0.351031826005848
584 0.0290274551330508 0.0255978259306481 0.499203591363745 0.40505159242419
585 -0.0117455377724607 0.0153094178578173 0.476904548912573 0.314844123503612
586 -0.0461248448502869 -0.0326031367067057 0.470056905749903 0.330390045194662
587 -0.0121469732375802 0.0168786935410379 0.487971951392075 0.344168357205383
588 -0.0418025151360806 -0.0438348126811375 0.499392383289409 0.397952654394251
589 -0.0221083323619364 -0.0155613142912318 0.479890755166217 0.363090445158936
590 -0.0154031299678292 -0.0396218280124743 0.471085301320402 0.304910433936676
591 0.0176266414688275 -0.0710897315005576 0.486397907781906 0.371542632155191
592 0.0243610767130393 0.00601714345539005 0.487616140460912 0.355619473382512
593 -0.000739783997244445 -0.0683448911868189 0.508864330368215 0.387137639968364
594 0.00845320580427199 -0.0149399198709544 0.480056796763795 0.366200852819048
595 0.0186656573011367 0.0203957763406577 0.466467646746809 0.368921943764247
596 -0.00747037518885214 0.00950066296787572 0.477329410490601 0.309323686089321
597 0.00467753206557623 0.021534037102346 0.496788653505423 0.424162683866836
598 0.0623327320806557 0.0529284714239396 0.481516569360164 0.348922346939352
599 0.0525143607000503 0.0813820636057386 0.44542443464881 0.285938431382312
600 -6.72275929309644E-05 0.0270525662707873 0.461376473002592 0.311750941173858
601 0.0456468616386581 0.0567055308381572 0.462706640408173 0.376208200086207
602 -0.0785406328864609 -0.0428943063838705 0.461480264526849 0.303380872878363
603 -0.0459245743536811 -0.0637406976090842 0.474398952829715 0.3097570492812
604 -0.0312919788543194 0.021498124256391 0.499346124047806 0.379159024150054
605 -0.00524599097981135 -0.0315140187915187 0.466392007259571 0.308396972955153
606 0.0445857596012214 0.0400126747281521 0.47854763892819 0.348815281892123
607 -0.00156527050602362 0.0157714031805691 0.460949079228553 0.351998968351625
608 -0.00192127046148589 0.036138631895563 0.484649289844789 0.333957058231478
609 0.050609749315632 0.0414679484435598 0.479717508601338 0.353782101992782
610 -0.0266077532760177 0.00207500100044438 0.512966075370852 0.340998433458172
611 0.0273405727642968 0.0436452790004643 0.470155546740766 0.36143449192897
612 -0.0608075723149182 -0.0399184025381924 0.459876911533087 0.312836843522005
613 -0.0163614291166671 0.0230732565763916 0.464828792869384 0.305364454467982
614 -0.041964043312982 -0.0644323099062792 0.461852804815439 0.320576243471931
615 0.00341934924303411 -0.0307238880505521 0.506829077059252 0.39041162701993
616 0.0182476286537052 0.0277088472713224 0.507191064003468 0.389237795575079
617 -0.0700128809395403 -0.0430236905208701 0.474308643482145 0.350391684768323
618 -0.01310261372554 -0.0274125665300774 0.441465489007691 0.334948575879352
619 -0.0177555012952038 -0.0341067700656753 0.478935002773102 0.35918459382138
620 -0.00902971058689507 -0.04373153539059 0.46963997155999 0.361528125722212
621 0.0228514591548767 0.0521737759159735 0.501048586192693 0.390141421538182
622 -0.0530028930643113 0.00796049130509044 0.463646487012044 0.339048560277134
623 -0.000310791471576534 0.0260855170337032 0.487815102797013 0.366871236873031
624 0.0663423648166277 0.00154255876814758 0.504985179092535 0.354535583737165
625 0.0132864538975392 0.0115321732139524 0.457666916721053 0.317418324823854
626 0.0340127953677524 0.0524528757948528 0.493004039047617 0.383083689730848
627 0.00894208553373479 0.0188848898513818 0.523682883626217 0.433074167392146
628 0.061977539427501 0.0490177965329407 0.468218586589782 0.345677778280744
629 0.0254790296733544 0.0114920391965577 0.512306733900045 0.437313540484729
630 0.00112963677412423 0.0169872595938792 0.441749407477177 0.30507516703601
631 0.0027776323227782 -0.000381892728037062 0.478173357314562 0.34406567064115
632 0.0195749138934732 0.0161015014589592 0.502286702734717 0.362538910894547
633 0.0350507986186699 0.0244804879088039 0.498157239370306 0.383502286063386
634 0.0408048046099969 0.0213811879523872 0.491990294741882 0.353604841760395
635 -0.0344096878904565 -0.0254119063654601 0.471159803403858 0.336513716975034
636 -0.0305829065292938 -0.0143374970164241 0.485869533888807 0.365386381788056
637 0.000922383929371136 -0.0461972710356979 0.474988731643945 0.349330171847359
638 0.0143701942343025 -0.00696298517769675 0.481798828376563 0.305267026380608
639 -0.041796844503459 0.00412258638680182 0.519950105129088 0.408168882795358
640 -0.0332616888657075 -0.00656199843362552 0.492601875572896 0.366783817305762
641 -0.0214142085684395 -0.0253080167296039 0.501454557521601 0.349828341802314
642 0.0203375900386529 0.0294362706392728 0.474473093594916 0.348358360061716
643 -0.0228690223290023 -0.0889827693316073 0.482704547973565 0.34657843748823
644 0.000845998060943255 0.0357484978447038 0.476820003922174 0.329854488538701
645 0.0314715657724864 0.0470486909983 0.484746831176921 0.36259529863538
646 0.0161429590764859 0.0582286891186106 0.4809641479074 0.325329828585272
647 0.074121761769175 0.072002818767773 0.482682004788091 0.304924810085656
648 0.0287494535291185 0.0502295848232999 0.46772401895419 0.36009449227787
649 -0.0336706267702442 0.0462790108350555 0.484884108261482 0.351611628616027
650 0.00808785303503951 -0.0119343565466345 0.46176815505625 0.309529620244857
651 -0.0425531179619525 -0.0286933311224087 0.462591431298909 0.351674814691038
652 -0.0127526851903519 -0.0238139386126304 0.444292942949756 0.284210450192123
653 -0.0147822557293676 -0.0497700988863115 0.488822313007431 0.438596273929556
654 0.00523997331679026 -0.00850185040101346 0.496542533685432 0.353407011427805
655 -0.0160869811905569 -0.0075180788665175 0.474182763783533 0.391563418869871
656 -0.0446299336271568 -0.0809238936983804 0.467322413785048 0.309099861279976
657 -0.00367183852260774 0.0172846450534036 0.501745964250325 0.373707120112951
658 -0.0414171560352545 -0.0145033474008292 0.52497736810177 0.426046716846009
659 -0.0136984885825848 0.0195330435351066 0.487926975316026 0.367174235114619
660 -0.00218599848066619 -0.0118651253563504 0.468650639295216 0.337687453939289
661 -0.012668200965767 0.0197229841170505 0.508183908005822 0.410810942906759
662 -0.0504254484626127 -0.115567835368899 0.459883554330187 0.351542003266215
663 -0.0211284735137904 -0.002371334976146 0.490773623320187 0.352884324317698
664 -0.0310865063455014 -0.0278098719651163 0.465379481854951 0.335370865407924
665 0.0902265305743045 0.0453528032450795 0.487975031465589 0.37132703700238
666 -0.0064061000858325 0.0092437494602835 0.478517159918478 0.341423851492055
667 0.032619561334885 0.0410443984640009 0.517952107196869 0.463025956826912
668 -0.035060065128845 -0.0143341148915041 0.448484216103122 0.349529542813531
669 -0.0366127532751184 -0.0275849185983141 0.489069459664696 0.389748090200765
670 -0.0114300731069967 -0.0206268930366007 0.467861598941813 0.378512627674012
671 -0.0491994912144477 -0.046965470566053 0.474948366452451 0.374741007129836
672 -0.0314539973402681 -0.0187952816952524 0.468653146181558 0.31425507438237
673 -0.0473806091115915 -0.0192990092390324 0.488774901922895 0.349244212311054
674 -0.00234844117592723 0.00338039624247683 0.467836431066714 0.3593862759534
675 -0.0509197841166277 -0.0572959322534099 0.477095909614869 0.286519933924161
676 0.0499233244753859 0.0457993425523106 0.457292071640674 0.355215186848928
677 0.00841218313770029 -0.0093019293741084 0.483671136307699 0.358572893697011
678 0.0119677165869405 0.0400077600643354 0.514273142323102 0.396092015259957
679 -0.0800013917842941 -0.07516120801715 0.515183187288643 0.382032781410813
680 -0.0255212167483954 0.00409126975197402 0.474060698534756 0.313964079069008
681 -0.0454026097367784 -0.0476846241377412 0.504037286054849 0.386640748370286
682 0.00945084192050715 -0.0164417306326617 0.458869629040696 0.28823550531208
683 -0.0142338020610596 -0.0225022434593212 0.479285962791606 0.365646505470087
684 0.0225263908353228 -0.00557493983547724 0.45540178921819 0.316258469521539
685 -0.0194630078829934 -0.0248170051437167 0.477787983413989 0.358918495839665
686 0.083395227892589 0.0172641544697898 0.480921011938416 0.342111268075534
687 0.0215173430636617 0.0461142899241329 0.45381264039017 0.324649926465384
688 0.00325071060438652 0.0616066104479903 0.453633945160057 0.325565358951763
689 -0.0375454360726959 -0.00129449812084436 0.485219604295293 0.354114441539327
690 -0.00908380716399265 -0.032450172316983 0.456445309313049 0.349093673147985
691 0.0674876806855454 0.0203523334685066 0.488775872628595 0.384594796618833
692 0.000333123051342225 0.0136224905344489 0.457635017320645 0.334926101224414
693 0.00625422114345388 0.0274812382089952 0.489511056917941 0.419419138891148
694 -0.0149055699469798 -0.0235457512320328 0.459085421649134 0.364925938001915
695 0.0373401120398417 -0.00776396685619161 0.472010570954331 0.325400775677473
696 0.0303692614090444 0.00910567158401063 0.476444108450595 0.345519804500849
697 -0.00376204471283586 0.0171266829318178 0.47445982301834 0.348471061231244
698 0.016047953837094 0.015409135852771 0.540202660661952 0.452478777595005
699 0.0139582185927493 -0.00894088033949065 0.474054448013239 0.344893799673704
700 0.0211556132844205 -0.00854740247406276 0.470315818653283 0.34433647238909
701 0.0210001405898063 0.000882123235702425 0.473613071936373 0.362049054778689
702 0.0791505755237567 0.0767875904645064 0.490613995997368 0.39430916568892
703 0.0889567580036163 0.0907229585896905 0.499457950103444 0.333910381445457
704 0.0538555508134938 0.0332054866781219 0.47499022222184 0.346047012574648
705 0.0440191456686806 0.0911644569909742 0.48997249839118 0.405580518356702
706 0.0165403209934074 0.0269847644381763 0.510479183883866 0.407302372258039
707 0.00816948914246543 0.0310961662251215 0.443830772527772 0.307790696229077
708 -0.0207484077104333 -0.0538916527352043 0.490310557246098 0.423944026923965
709 -0.00698785547392569 -0.00611189539291442 0.469167005048528 0.334784578389732
710 -0.0148299677502043 -0.0215931132459887 0.4966212657176 0.368329988795696
711 -0.0655110716936529 -0.0318543338449576 0.491453456772987 0.358480479259118
712 -0.0142855593839112 -0.021869504558069 0.494713137436692 0.365316539995418
713 0.00294974564358722 0.00509955968919652 0.457140559604065 0.337538211875921
714 0.0136157348026923 -0.0275466758637658 0.471812049498704 0.348451604257705
715 0.0485528149997808 0.0329537750633577 0.479286776816755 0.353930926607695
716 0.01314363034278 0.0169705948240356 0.459038460536397 0.361777239300956
717 -0.0183812947498235 0.0121122916594019 0.501046792312041 0.388221440608497
718 -0.0408498308759857 -0.0243738349752227 0.478647683489079 0.391360577761085
719 -0.0163599276144672 -0.0308516641012498 0.519655699410599 0.440091739724922
720 0.00536526879506759 -0.00102799584948061 0.465098791086013 0.333813074689565
721 0.0101428076382821 0.00955378474365191 0.462248311003818 0.328781526915811
722 0.0043595262637922 0.0220789440748124 0.490648936714354 0.373953042255491
723 0.0100015587939231 -0.0189505628409049 0.48502700158561 0.357943698563082
724 0.0851266114689217 0.0582868843135599 0.467106285116113 0.355148352292899
725 0.0755788665367214 0.0914358821580884 0.473845545911184 0.354777344906982
726 0.0283154990224419 0.0331038286038811 0.498415034428539 0.439786348941852
727 -0.00132813928858885 0.0346651505048689 0.451548447961711 0.334135623211999
728 0.00283695083820908 0.0070296900895398 0.495976312127596 0.357100581810252
729 -0.00867284676056437 0.0032250731717488 0.486824758362084 0.340491099050269
730 -0.00457412485041708 -0.0153301507118155 0.470649329488925 0.354320062334658
731 0.0306957268722675 0.00382931029431671 0.487635368667652 0.389095289641696
732 -0.0444693589949398 -0.049996320637493 0.477639629362211 0.377819317615004
733 0.0426639417544555 0.00925248248978665 0.471825475962492 0.373964920815009
734 -0.0412497671291399 -0.012575331263779 0.483440354581678 0.35067982037565
735 -0.0480782919112814 0.0185344372970062 0.447513728435449 0.338267269753213
736 -0.00283108476707053 -0.0127847276834588 0.490214234879748 0.368512082829204
737 0.00606368011705123 -0.0033845479909415 0.464124196631942 0.351613912635664
738 -0.0219666198657991 -0.0197023892801657 0.505775056319468 0.381045780394882
739 -0.00509518398368109 0.0106991286279445 0.516810650801156 0.415783592333801
740 0.0538463733816334 0.0423635638185283 0.464896394957394 0.363202592160184
741 0.0714561805292786 0.0159180855661519 0.481394726444766 0.335506929767426
742 0.0339303683816948 0.0811067882852068 0.481711070514613 0.368984188419547
743 -0.0170275766341803 -0.00121678791140245 0.484230821725941 0.354331271027606
744 -0.030021310589646 -0.0261152850681153 0.458222622255438 0.330491201661895
745 0.00886049337164131 -0.0385474495690666 0.463848291338641 0.303352497190882
746 0.021481725550632 0.0184812573762277 0.451323918656714 0.308967968765394
747 -0.0360043764424572 -0.0261447161059766 0.485166279625544 0.330230627708279
748 -0.0161962778869626 0.0114710983507014 0.48547796747773 0.382870595662381
749 0.0214955050109014 -0.00911135838484031 0.484784020305742 0.402204789451842
750 0.00494670552993963 -0.0516276791339659 0.477822322822453 0.346094092876652
751 -0.00327066607972594 0.01054358792395 0.48172898116767 0.315430862917076
752 -9.23087582351156E-05 0.0442565044761026 0.470365949340224 0.327897209323759
753 0.0155930766038044 0.000530845933668103 0.452368949048535 0.335283187070168
754 0.0151498162840384 0.0299188403884406 0.50232858855472 0.348146553654982
755 0.0417174344240699 0.00406902844891684 0.489960488777486 0.365317521586368
756 0.0298142165749947 -0.0132021262676752 0.498247084762218 0.376262812764345
757 0.0399738462102622 0.064017194783781 0.48512207818826 0.311542613000563
758 -0.0140882598302846 0.0163469330556863 0.453771251205186 0.3445177419662
759 -0.0225946425242936 -0.0559723566434159 0.461835567902454 0.332263657984746
760 -0.0391785265113408 -0.0186676315789621 0.460146377929605 0.339626124337079
761 -0.00479504691352816 -0.0378638375978845 0.485861471263746 0.371178959196042
762 0.0118166219074564 -0.0008416372718812 0.485201698462214 0.384845938527629
763 -0.0057635008135204 0.0166861643811972 0.487633358396789 0.350759553570508
764 -0.0538690060270719 -0.0200250973848982 0.46912214680237 0.380104766507481
765 -0.0390768003577102 -0.0490456043136576 0.465600117384454 0.3270022449146
766 -0.00894381821475018 -0.0599752751603756 0.483601042777905 0.346199807208569
767 0.0719694815934068 0.0779133883963376 0.466549004324539 0.338503595671809
768 0.0119336231082796 0.0144651821456419 0.551611082531104 0.505401227587407
769 0.0237570841718556 0.0584116835317294 0.465534508964352 0.376917212915898
770 -0.00436429326488301 0.0044571697692075 0.492605047476201 0.336318002944435
771 0.0269784164830627 0.0461021736261411 0.472043704741858 0.361650103478244
772 -0.0166417724014584 0.0235745505359276 0.541628635874337 0.446388832168773
773 -0.000641423079086506 -0.0146569143674149 0.492071631108651 0.368212097397941
774 0.0174757270864579 0.0274438546225748 0.471457621746969 0.34435434355836
775 0.0101558023407246 -0.00364125496226897 0.487127833554422 0.361083228014166
776 0.00201653166003213 0.00589518363938735 0.460683806535187 0.316107241900583
777 0.0508877916263172 0.0878859128616444 0.481386764099834 0.354158450174828
778 0.0409503203969886 0.042503208650898 0.496293095188788 0.344736645534677
779 -0.0079390035084735 0.0336771994862796 0.507689252123182 0.384083254601093
780 -0.0197411781747589 -0.0364109781573334 0.472409718405743 0.346334451440751
781 0.0941475616292553 0.0319823761683012 0.492916404034857 0.35730008040266
782 0.0128253754568819 0.0265510811050727 0.467740980351455 0.353138576183475
783 -0.00935992306543493 0.0125286286335502 0.505806511523735 0.393864919249346
784 -0.0354448050606412 0.0167530152075739 0.462789249780672 0.338138765230012
785 -0.0149706787816343 0.0210822784546618 0.495436022111011 0.405270038544617
786 0.000221055624935987 -0.0270654343700225 0.510077626130741 0.373193338238537
787 -0.0426751662268977 0.020115490046591 0.474314284583372 0.341335469434085
788 -0.0425613865319684 -0.0278772085222208 0.494952954103512 0.347860655125881
789 -0.00823735770940574 -0.0228701411862391 0.497331772011218 0.32521338009555
790 -0.0104820497875766 -0.0278357340819429 0.470765080704986 0.326534862351136
791 0.0308209879548963 -0.00243344136031578 0.500346199151939 0.380755299858075
792 -0.0242720532448735 -0.0266951191733323 0.466719346918334 0.338457268807637
793 -0.0268394778120817 -0.0130090409827443 0.520783926724006 0.39712469140734
794 -0.0261633817352034 -0.00998972332308837 0.465942426962162 0.308006769563783
795 -0.0777941269678758 -0.0443732439235245 0.498874445740282 0.335649403076536
796 -0.00933012546848865 -0.0334807729341229 0.502020459475813 0.402660626882531
797 -0.0325671611424043 -0.0251792814398199 0.481137877414683 0.334888785422654
798 0.0124686617709333 0.00540797795896466 0.467782132014132 0.292481723779082
799 0.001925550139965 -0.00891587350024646 0.493788962354523 0.408687693341778
800 -0.0107368374261023 -0.00737420035463063 0.466706571535083 0.309178393021867
801 0.0212501785647792 0.0671330515525249 0.517704915871848 0.419397376773367
802 -0.0373966162044168 -0.0619629684007437 0.464543615908078 0.319444747686615
803 0.0398463389557724 0.0146309977493211 0.460934310226628 0.369899139622422
804 0.050878779224869 0.0235125626406275 0.470131245973587 0.334296366729981
805 -0.0242752117096976 -0.0463254300773244 0.465552753478312 0.369193720059581
806 0.0412538196472549 0.0214562172000212 0.474381469703211 0.343360260712753
807 0.0170814329650403 0.0442399837220877 0.469765756280707 0.303003917372287
808 0.0162745360904123 0.0191524820263876 0.477500396513272 0.346240381042551
809 -0.00394862541457885 -0.0391777433690501 0.486357268081156 0.391926899070464
810 0.0148296244231766 -0.0104058132006682 0.452969927176826 0.339714271152987
811 -0.0143937075876377 -0.0326389496095301 0.453604401969517 0.304009060019032
812 -0.0192524947763418 -0.0504730004921292 0.495892889706334 0.402460481679793
813 0.0449299643234777 0.0636671335593409 0.492987504541055 0.359348872527892
814 -0.0183401560100794 0.00469983472837941 0.466758218706678 0.331621599327493
815 -0.00230598889611298 -0.0106022464051304 0.469721174621405 0.33531092909995
816 0.00467037152181893 0.027561554444121 0.517290271505191 0.386775572302064
817 0.00978842984059637 0.0252516371746887 0.4608302749513 0.316319635356774
818 0.0103714316166665 0.0317134153638662 0.467281806697249 0.376969940387935
819 -0.063099817041986 -0.0299512546151434 0.478112102712424 0.348680893385684
820 -0.0147344207503057 0.00434553420752274 0.472307626503071 0.327829548788187
821 -0.0222994251134842 -0.0188822149521094 0.462673483790813 0.324019530855313
822 0.0347224216599781 0.0112112727442867 0.491282628044242 0.32076540059668
823 0.00288740915851944 0.0368053787023461 0.483838021679962 0.386973515701468
824 0.026858742786315 0.0145235302333184 0.442779889734349 0.309537556715334
825 0.00190281443999867 0.00689201753297478 0.426815690918587 0.303617152228777
826 0.0546208900959549 0.00398335851425925 0.499792994153582 0.390801523975239
827 0.0197562965344694 0.0119254355889463 0.48914997011577 0.335514759946981
828 -0.0192980194224372 0.0133001089609363 0.46248304533147 0.315301709733758
829 0.0146024267086903 0.0333012752958343 0.487833021946998 0.406534546490547
830 0.0465647166566073 0.0402733697178341 0.471258497549256 0.338917175439375
831 -0.0167012589945637 -0.0088110033923999 0.458591018869553 0.355424462072123
832 0.0242562976026449 0.0332519604365357 0.462356715960569 0.338602293285173
833 -0.0344405790298855 -0.0260809089419314 0.469849670867956 0.342633175015243
834 -0.0266951985451219 -0.0251406810992194 0.456762483287236 0.342001717226396
835 -0.0695740054052797 -0.0403034967301483 0.48040500651707 0.353766762457903
836 0.0114903906372542 0.00118158668456241 0.462510139984895 0.355054187993554
837 -0.0149702719962686 -0.0245203639168762 0.442264535634829 0.319623725092236
838 0.00815218456540524 -0.00824987553838852 0.471083359694855 0.310623604373825
839 -0.00189026013310479 0.0127746812599017 0.505509472396755 0.414291734520795
840 -0.0039612903513129 0.0687168874118175 0.469942655596059 0.363379865048426
841 0.00752298883838449 0.0411971405330697 0.487869524836342 0.391175459806177
842 -0.0505908907432174 -0.0309411047577681 0.499761011360244 0.372903856062008
843 0.0313941532664439 0.0117642275761304 0.501376610647404 0.36656206387992
844 0.0173936085225424 0.0293077487340224 0.461613741198997 0.326161203535602
845 -0.0405456612033018 -0.03824273428902 0.485467996344204 0.375589066490315
846 -0.0276552054313947 -0.038772366499126 0.462648919492506 0.333739368144232
847 -0.0401668435322562 -0.0672121643622081 0.486583627020749 0.370063484613187
848 -0.0150222902085218 -0.00491485031889559 0.476082330180631 0.358947739476105
849 0.0170552683963759 -0.00107251604513054 0.473396109454377 0.368527246338194
850 -0.00590828462328852 0.00113370411434902 0.4808567496708 0.300249793508654
851 0.024087269362465 0.000402085308508464 0.47852272117961 0.380251650617507
852 0.00605733979495055 -0.0159514510927696 0.452936667702564 0.327184579188585
853 0.0100904515504984 0.0505193060965109 0.47568062359158 0.343498022128839
854 0.0325468622556036 -0.023212606470753 0.534600717928482 0.450768057419471
855 0.0250403485453025 0.0114506017460516 0.492758008882799 0.383971120794851
856 -0.0329828152381854 0.00518873975567726 0.436442424913514 0.312222111863735
857 -0.000649462424445312 -0.0311342835987662 0.449206479925067 0.30375019956302
858 0.00268426477539407 -0.0395673528206722 0.49058862334422 0.337301009030648
859 -0.0385964131877617 0.00955008021278556 0.485297330794088 0.354068387624698
860 -0.0108260829421799 0.00114035073553392 0.4591858633153 0.344680509878165
861 0.0298985078210474 0.0161706124787664 0.480533029602948 0.362721865592024
862 0.0171945761761447 0.0443147868987794 0.492617705644394 0.354371064000914
863 0.0241765616899024 0.0231437871709433 0.472510700917117 0.29627283384078
864 0.010356601569075 0.000163065618254835 0.475253959986762 0.288475039452293
865 0.02418899892093 0.0246711916390891 0.463887796618291 0.331633225210631
866 -0.00275428591288282 -0.021097377129122 0.48447814067951 0.34686191133903
867 -0.0366406457109255 -0.068909755474229 0.43600405507363 0.308620792033709
868 -0.0176445264733796 0.0234712248095432 0.484361309703296 0.338590721705664
869 -0.0209278835614994 0.00176527653541096 0.49080274148559 0.345257057671411
870 -0.0242944693264934 -0.0494998507282026 0.502413657923704 0.423008628201263
871 -0.0309285223292766 -0.0552998705876984 0.479617851500569 0.387802881696576
872 -0.00677254911997063 0.0484889142522147 0.482962779269717 0.35904432929871
873 0.0768677768354062 0.0903462479558496 0.476744657032476 0.299089811713334
874 0.0107149949045236 -0.00682113634189676 0.466172902190245 0.319770781551179
875 -0.0161478615324042 -0.00225679714164843 0.453489079029346 0.326159191440946
876 0.0117797249019094 0.0146617903983139 0.468207862833094 0.361482665865982
877 -0.0713659311285638 -0.0721481003348877 0.464867932683212 0.31579279464764
878 -0.0617052471937155 0.0112225945530112 0.529452882423085 0.400779753660176
879 -0.0326244932608666 0.0035113293557035 0.477819658809571 0.41011304285499
880 0.00546848501547012 -0.00684525996243169 0.486171703803215 0.373956513903228
881 0.0262580370566376 0.00756867464575293 0.506856566554333 0.428103044937605
882 0.0198189838955646 0.0107713159245102 0.467651947287733 0.341562799245666
883 -0.00357712179313844 0.00921472314683096 0.491334888986712 0.357945393704935
884 -0.0647693520181017 -0.00157562009219302 0.494310788399512 0.393353676891325
885 -0.0845950029230317 -0.069495085293345 0.47978247033871 0.345757173802191
886 -0.0251904899666391 -0.0331979016302408 0.469290787716644 0.365558653140672
887 -0.0320404274979065 -0.0617976759889424 0.46557983140135 0.33294410155971
888 -0.0281372424372874 -0.0245086729589453 0.48925719896733 0.367466733067558
889 0.0189770852576766 0.0305605683004616 0.46995966494459 0.367348162847117
890 0.0406360581279012 0.0267937632872965 0.516431795824671 0.39420315794284
891 -0.048112308411265 -0.0070277772796017 0.494059865058009 0.40419184286999
892 -0.0451242817111661 -0.0537393858743449 0.482733026174236 0.360630120087053
893 -0.0258423932109002 -0.0339654295607738 0.479621740587903 0.377035709638202
894 0.0333483134397692 0.0158908854858186 0.491723252164582 0.353493835721027
895 0.00259922825719647 0.0471413448820552 0.463043244353763 0.315297927872496
896 -0.0255865173399323 0.00772117663142817 0.527828529895321 0.39373726972013
897 -0.0433300167439356 -0.0352029380594259 0.498422961763096 0.381563853685721
898 -0.00428175174465805 -0.021007159251872 0.490171849806058 0.336018994620132
899 -0.056566014353932 -0.0334341793910576 0.448232132534301 0.320125633291468
900 -0.034883498544917 -0.0224912023832191 0.455715338884658 0.331223141768348
901 -0.00234873567750293 -0.00834076757685586 0.485593320777656 0.372974279596643
902 0.0190707458882133 0.0180082200266249 0.510073847364913 0.408636426144533
903 0.0610619206101352 0.0705697383990017 0.507653876461116 0.426158618198053
904 0.0221431035923817 0.0631048819483687 0.481088755608434 0.380235976416524
905 0.0349391503190558 0.023409884563279 0.486167736795868 0.358500979251609
906 0.113605034043861 0.0860901817610041 0.483845544169903 0.369179263995269
907 0.0293676768406281 0.0405607552899369 0.463045766169053 0.316602160560216
908 -0.0272343947488835 0.0138924551843351 0.497584888607051 0.36319928482691
909 -0.00506324340928107 -0.00621294383596022 0.470679644102104 0.350080936662869
910 -0.0105152938065759 0.0254727777514829 0.491903176903168 0.389107496736021
911 0.0251318561645161 0.012056569253645 0.483648300420979 0.379923320168119
912 0.0636625522835393 0.0354002254673955 0.502921176609407 0.332639611857244
913 0.00995283960237407 0.0289896392938188 0.529794768587639 0.448036774732536
914 -0.0353516014630808 -0.0412159232449206 0.457645504034139 0.334718387696652
915 -0.00401037185305641 -0.0123472362881292 0.512088214317977 0.411688443021393
916 0.018429621013008 0.0346102342574084 0.490652311186716 0.3709520632994
917 0.0413147775402958 0.0207119860293001 0.457687071266834 0.361119028978971
918 -0.0384507584623742 -0.0213687574150721 0.476139073575215 0.289928151380542
919 -0.107936740920533 -0.0893789752160292 0.477544872728876 0.358346278292794
920 -0.0306697830756531 -0.00751903414220848 0.487446957930897 0.397811518105573
921 0.00139702988722062 0.00251718527434818 0.493023152142518 0.30050411033883
922 -0.0254747614882197 -0.0235925629144378 0.505425101926422 0.439444684085675
923 -0.0618257845153209 -0.0504031422746382 0.475319238290481 0.356942952591444
924 -0.0535711471528524 0.0124895910966299 0.44894797121449 0.311763671018245
925 -0.0184626393556396 -0.0177433086867665 0.497613289925402 0.415485547769715
926 -0.0492046143509944 -0.0679468421551768 0.473320567588094 0.372297028573941
927 -0.00683437038343548 -0.00837133678022326 0.493487599694488 0.35640901871914
928 -0.0379700012034529 -0.0379902835659512 0.454716598115995 0.308754301766063
929 -0.055817893966729 -0.00184029561857677 0.489643760261113 0.359670634483813
930 -0.121568972170837 -0.110503849920273 0.489151891284012 0.359217046390917
931 -0.024004032239252 -0.0480588641467248 0.490723317161172 0.392546834296027
932 0.0107871232180892 0.0534305391599426 0.465735036597848 0.332108192039364
933 -0.0138634149627904 -0.0011780081782772 0.467530183809453 0.356255481920567
934 -0.0410221014292646 -0.0311328324405724 0.494661530456049 0.427583341926744
935 0.0370456700298314 0.0397647229793213 0.467447870440394 0.304514769856759
936 0.00765898215083195 -0.0276350727681805 0.484503035245742 0.392000364893991
937 0.0238257361519527 0.00183832915835435 0.502086601474511 0.311745792632819
938 0.00448381386768053 -0.0219564849626819 0.485743118133084 0.370224530876071
939 0.0297186594801711 0.0343293789627321 0.486914460439308 0.367626412290112
940 0.0143234337401304 0.00463644506468596 0.454127557549368 0.304093697343151
941 -0.0133217605403536 -0.0197041968521795 0.453714290067851 0.308658590906207
942 -0.0414911262341462 -0.0391092962920934 0.464578433021476 0.340026072020769
943 -0.0398364336123981 0.00603428194566121 0.480778690418266 0.356705901195424
944 0.0276748421990915 -0.00290277692495798 0.465318241483363 0.367020941839799
945 0.0327180198076802 0.0472657819368099 0.472964179148308 0.35423494988945
946 -0.0277749310748793 -0.00102802504889669 0.442945977111144 0.346711097539578
947 -0.00300853742547831 -0.00411111576317419 0.480448371271267 0.342633760137989
948 -0.0512001750986141 -0.0212290417874373 0.483795589708215 0.340254233161357
949 -0.0445293604678746 -0.0275059127164231 0.492020749408505 0.367305207132722
950 -0.0126513572472384 -0.0196503063860773 0.50002318917039 0.375657361516759
951 -0.0815687655980417 -0.0389256406605492 0.465835701032694 0.325480094486784
952 -0.0345724826700673 -0.0315727461442083 0.495221044789427 0.347293791823017
953 -0.0609259161208571 -0.0709119705728222 0.497627378434027 0.331443337945374
954 -0.0296939163220142 -0.0190340122550782 0.506940232348399 0.39181736359747
955 -0.0159080985134106 -0.0444735675260264 0.473212196021557 0.331959873647059
956 0.0144998348570902 0.0234632066353815 0.449336750048959 0.343569495918068
957 -0.0146470377029162 0.0163395496152722 0.465382315738852 0.325537159363747
958 -0.0266768675707344 -0.0284234488894355 0.491903204275064 0.379833439067549
959 0.00996958243672706 -0.0366049868581771 0.499699150412319 0.44937344835451
960 0.00569721159746911 -0.0101576021805834 0.481934303609411 0.401520988552568
961 0.0281567645402653 0.0322100433876447 0.478757085747947 0.331024199615006
962 -0.00429384911838949 0.0161148225117425 0.54208107468735 0.455929849374204
963 -0.00634743635213107 0.00526750761189977 0.487094936806068 0.357064598902866
964 -0.00160796523259281 -0.029128171573837 0.464588579741083 0.298774433663875
965 -0.0314465030936326 -0.0255973327663293 0.46140567983958 0.335597342931605
966 0.0194537261917604 -0.00584691362672823 0.498406163884199 0.388361725211575
967 0.00658994592913396 -0.0459733226451323 0.478561072775989 0.306335126122767
968 -0.0147395612417545 -0.0051574596696615 0.466973369656491 0.366199524212659
969 -0.0625885105073817 -0.0630501897085837 0.470810059178502 0.301352355142595
970 -0.0263553013562411 -0.040006536483826 0.473639381058938 0.342284124657647
971 0.040798111494257 -0.00730516250462128 0.482839431259366 0.367613138081054
972 0.0661276095666781 0.0867415581344601 0.474552921492215 0.343227079578463
973 -0.0284701265446156 0.0645188752174908 0.45221738423077 0.351401837070751
974 -0.00459267396639309 -0.0139638991757346 0.487384537235668 0.345479791440308
975 0.0160038835112894 -0.0026862834332132 0.49278948088668 0.34548140717631
976 0.0744261264061673 0.0742468515729447 0.474291187226554 0.29024342411359
977 0.0645261508920298 0.0513543373332126 0.45831476488801 0.365224250581474
978 0.0887820950939165 0.0749312504261006 0.470543667253986 0.319460446411573
979 -0.0147844139872296 0.00685142534045797 0.4668861306383 0.339077289211111
980 -0.0482711299988791 -0.0211464175569451 0.514822187290264 0.423494471408232
981 -0.00448181183646947 0.0148679270759325 0.480482204395811 0.284116596635227
982 -0.0106987742146033 0.000150576192160582 0.491614506335605 0.406045585637585
983 0.0251806515269268 0.0153987715550577 0.470858627961027 0.359657406215225
984 0.00878651197248476 0.0317802482362975 0.490620754494152 0.378661758864995
985 -0.0447067084987318 -0.0028424534310643 0.474992135685743 0.375723300426696
986 0.0416201840121395 0.0290456066919318 0.460823622411999 0.337357820891918
987 -0.0156396305577357 -0.0272863576604379 0.476620137697948 0.358608810920647
988 -0.0183303337273561 -0.00477862559531382 0.495007298711737 0.432835491572133
989 0.014207856160427 0.0431747143450601 0.482353321888873 0.333511505843657
990 0.00351815484732847 0.0229070607115628 0.448951519383593 0.305311055069709
991 -0.0103967528081 0.0239599129374797 0.450928741653641 0.32154958608077
992 0.0348935957329742 0.0276157582818081 0.457496363454014 0.290274902969873
993 -0.0131694701751183 -0.022756843888816 0.46999668340373 0.313527553536533
994 0.0364004247193371 -0.0133543066948824 0.473787970051669 0.349517824575782
995 0.0244595359056567 -0.025753641925369 0.450180825798507 0.345844793041134
996 0.0338603202842617 0.0509761610619686 0.516398925642734 0.394617241858819
997 0.00860343175595525 0.0273371265272925 0.486949379084088 0.33956970804063
998 0.0437832189462245 0.036696294440898 0.482575607091792 0.39260916671102
999 0.0167175613004369 0.0181230783535334 0.520418521737013 0.453062851991135
