1031940.91803285 -10.9073222401175 1.48969000599533 10.8706613790832
1112006.99217953 -10.7986964084066 2.10969267181719 10.6497822998664
1356563.6208636 -10.4924765206936 1.29616177715281 10.1321224701408
1389992.14577134 -10.7233313748303 1.08895897528572 9.4749481231369
1397649.08177484 -10.4211964212398 1.34586932327276 10.1166589871918
1411347.46685147 -10.3434933225129 0.264492707235754 10.2395939896645
1495028.21295482 -10.7149852849474 1.64071391160437 9.08199898795263
1535905.89597458 -10.3760044965801 2.31865236900797 9.65967919835457
1579981.5470523 -10.222880429465 1.15233601764646 9.842949426141
1653567.73694904 -10.216952454711 1.69797655428701 9.59000274248127
1711275.91464693 -10.1543291948324 0.914108129049427 9.53395148562142
1750575.41152239 -9.49603005160974 0.130387890996072 11.0397151180893
1776013.04861338 -9.85399025615108 2.04949358944166 10.022550196923
1785379.45968264 -9.92433485980608 1.07188053441581 9.82160088924072
1795607.4133804 -9.68836702609003 0.979822932309551 10.3690969216317
1805660.31275381 -9.89248587388122 0.841597081485685 9.83086260536085
1827322.72967016 -10.1347217916156 1.24232497043669 9.20508057548944
1849858.04510427 -9.61607811501155 1.74215267534151 10.3703518725896
1851222.98065146 -9.17148034786385 1.70291502032004 11.5937420610974
1852941.29244043 -10.016082733274 0.507563064038999 9.39254402975377
1870097.42746405 -9.09729661476933 -0.390576327678513 11.7464705367403
1880124.39875781 -9.78873146973904 0.702079163263655 9.84137973350878
1885791.51611506 -9.51662726268216 -0.405839380606582 10.5093771938874
1906377.43153274 -9.42411991700634 1.20558883428272 10.6871291658893
1911969.76190885 -9.33007100585234 1.23666033434523 10.9252575864681
1922767.63473505 -9.66111543159268 0.586726661453119 10.020763691703
1933548.03648065 -9.35324997855982 1.74641457392528 10.7893304293926
1957884.22524424 -9.31232537663746 0.579019631763213 10.8215757068083
1960362.09257523 -9.97943796265374 1.1047767405532 9.15760450919316
1963762.96503476 -9.5202853606859 0.921538270452035 10.2491771651203
1976482.64972756 -9.26531696883722 1.77818772242729 10.8909437760317
2000539.75215289 -9.9193584446376 1.01325421299451 9.17922653057743
2021615.06094768 -9.26370273960034 0.904787181619348 10.7507186170112
2057542.16170664 -9.36537667688893 2.01502881497837 10.3659990484797
2098602.96162886 -9.29548058304165 0.588704570886626 10.4292877313056
2113633.95684505 -9.50044731273726 0.543567843977125 9.8563885848218
2114364.39152431 -9.84326546070494 2.23657495765295 9.04300139600867
2129251.07804079 -9.66139208340296 1.69391271961322 9.42254581327225
2136251.24925186 -9.48267170909188 1.28231808425224 9.83772672901877
2141888.02997744 -9.45134271950826 1.91420163738229 9.90064818624248
2153234.28747601 -9.48997027836615 1.05102464863767 9.77283083370026
2174542.27380233 -8.99586459266906 2.65166708412971 11.0372774253973
2181649.19639995 -9.74689509743942 0.963220798923109 9.08745201066683
2205184.42830873 -9.46091081440553 0.917242385043289 9.70493082758887
2209323.73784518 -8.84619716152001 1.81719978609974 11.3756334844252
2247652.68835013 -9.27464146285137 1.84673079192439 10.0642135736865
2262492.49719574 -9.0016798901908 1.64423600896714 10.764899076462
2271667.33604001 -9.50153060159331 0.59866842861187 9.43401384831002
2273641.7406559 -9.69632510373745 1.78783358703457 8.97445339594872
2286100.5902265 -8.94862678191395 1.21871703133863 10.8498467477187
2321387.66657113 -9.33635177893262 0.403983646613453 9.71468428868798
2348498.0945377 -9.55708158675811 2.0729026991099 9.11510158806945
2382521.75100213 -8.87022264975306 0.187469164271014 10.8106733700629
2406958.67900575 -9.13861785662805 1.04555510442017 10.0078232239182
2409757.72963962 -8.77361557349125 1.51603384610018 11.0201431501314
2462523.85920459 -8.94832657642524 1.63149178876593 10.3818664657456
2464234.35240185 -9.21519787518814 1.78433734784097 9.67104300956073
2468738.59131201 -8.89144013606678 2.49106771493761 10.5250148942119
2491249.37600923 -9.45912793010591 1.04676750674769 9.01664452245469
2491674.71602099 -9.0345932537439 1.24888698838662 10.0752810781815
2503028.53254796 -9.0634934784236 0.566285320040379 9.97115418444294
2516180.18158813 -9.2280664907847 0.56871583628655 9.517757436849
2550143.94114043 -8.60670443751647 0.448094669263302 11.1523750469672
2556852.53305779 -9.03202091764029 2.43431349101796 9.92717573305669
2569353.29904698 -9.04637043510843 1.12492393701126 9.86040999198711
2582322.43338911 -9.17810740592789 0.721794266514146 9.49340903275203
2582951.252337 -9.22415894971159 1.35129441131286 9.37754882775917
2635433.60108194 -9.15188437573891 0.948486292902447 9.44229884657285
2680240.57051963 -9.34771805694903 0.704127288772758 8.87582515069275
2686063.28009921 -9.05286076801784 0.9742436194015 9.58325175052638
2698901.620996 -8.38921614036782 0.747154551181499 11.4562473433982
2719716.77514126 -8.69416655788944 2.42926778559696 10.4808006252805
2724814.34253554 -9.21721384409943 -0.28865677377841 9.09410841637808
2734969.21649175 -8.98301160893987 1.44351330959721 9.65842831131176
2749217.87884981 -9.5930819320506 1.24837517075253 8.19622045979435
2771465.63405135 -8.91198922247715 -0.270517179915192 9.76673417913789
2787261.89118858 -8.83185490961612 -0.117822617804789 9.94722870272718
2795078.33497816 -8.72565240887698 1.11690346354608 10.222697528344
2798520.61511294 -8.7859711811081 1.77292943543042 10.0480303134227
2862039.21608306 -9.20849049762838 0.676203995368353 8.84538035774293
2869142.38463233 -8.37699378414865 0.856329274674834 11.0890149938833
2884565.42496276 -8.43546449394483 1.962128464335 10.8736319079398
2895650.8062554 -8.8043573047323 1.2355703856378 9.79480584249269
2904408.64846554 -9.01238403207309 1.47010555672083 9.23960120867084
2970546.02058553 -8.68813993646336 1.32702836008182 9.95877775859559
3004969.85298084 -8.6082109087303 -0.030686046763075 10.1119020955098
3057814.51058597 -8.52149148908877 1.43573204351888 10.2523906130139
3100017.71176369 -9.03763464995943 0.436115709967969 8.81846122296223
3106911.69919591 -8.72214603961002 1.18592522283754 9.60234799942863
3161368.23473166 -8.4404263954822 0.451246608803678 10.2825920577506
3211037.78296861 -8.80244379108096 0.695785146679301 9.20537600071884
3227626.67492218 -8.61000957286364 1.50970968425622 9.68171221032699
3303422.3192555 -8.94401330065834 0.649939840394478 8.70058085545122
3343478.04925342 -8.08377987117435 2.75621281608261 11.0204326686361
3471731.12093532 -8.10202702001899 1.08423769469409 10.7201130540805
3501308.03513342 -8.02439604604633 0.109196170421486 10.912518892193
3514447.79727133 -8.66540469988228 1.40669825528255 9.05208855013805
3989937.62261895 -8.14490275280297 1.95471100404512 9.74047080572134
4031034.7394701 -8.05259934956996 0.928134456751025 9.94975311054951
4097641.04672905 -7.84150850046943 0.306153504902218 10.4988934350583
2209485.46823592 -9.34272933720738 1.21040160358437 9.99124201945553
2307414.71021141 9.85883499489112 7.15844150500299 8.53767148150954
2381263.39459061 -9.96654070912234 4.74850921647088 8.15001843411011
2456360.95190952 9.76518421422931 -0.1577407168959 8.41005436070731
2602027.56199094 -9.85765697427916 1.34161410450079 7.92560624793433
2634970.46799033 9.36345615394574 0.595079656036141 8.93201302687266
2706265.61065427 -8.93062516997132 8.69190886555794 9.85799611539487
2803903.94477183 8.98242801380457 -4.51453846623867 9.51571155316928
2809766.22791867 9.73161721589585 -4.40995162092613 7.80064557576582
2811954.96155638 -8.98237365250586 6.86330610740153 9.49935190356306
2916106.11520607 -9.24924811313359 0.357388560826607 8.64987547446502
2974424.69469802 -9.67551258377522 -9.37983400159508 7.63627285959025
3194459.69085685 -8.80739258546726 0.116254775839044 9.22179888897659
3283060.54606738 9.45658232060102 9.69595211543886 7.60166905708689
3593920.82573905 -8.50834428263285 0.645911866168451 9.33638807355258
3788438.437689 8.17199603569321 -6.16259653873863 9.96901988050389
3828357.84017289 9.53783478566345 -9.14704902057864 6.74054062773499
3919240.19578322 -8.32849239852675 -2.25694878597602 9.32943667253919
4006904.83687374 9.54302181468486 -8.99832965759483 6.5342166910573
4169127.24843976 8.43843367809357 8.46531492586495 8.70014632060199
4241429.40908878 -8.54764417677542 7.80377981150699 8.33915735517589
4300867.60821005 8.76400568464958 2.99928421759945 7.76673197642282
4617489.27519349 7.98456767480102 6.3291319815112 9.35581375814779
4730172.0559898 -9.92212563749502 6.45506096838744 5.26562511700467
4757781.41941457 8.99197205854206 0.2199231973942 6.82079958581403
5100764.16841841 -7.7202819929087 -0.380971464505871 9.55649363787682
5106026.99172184 -9.4720380657688 -0.0722833210939005 5.67328807696388
5116864.09836925 9.43442259888836 -4.29935211050294 5.72639691444412
5251836.78889746 -8.51680632611588 -4.84811979106074 7.35828705008993
5316705.7270372 9.12666009698373 -6.56750324022374 6.09950539474352
5466990.38544099 8.46446782279036 -6.19488590219751 7.28593109049179
5701691.0212027 8.40037842206674 1.97679811714999 7.23192051855471
5737572.2053239 -8.84796570932864 0.163711910212278 6.29544222554911
5740943.22456668 -8.874436020327 -9.37700478331046 6.24360639427025
5751001.5138243 7.53957847950029 6.99235175596194 9.41101138452581
5873377.09996431 7.36494663048766 9.56104142570917 9.83322114675921
6080192.19949206 -8.88210435345867 8.02689564322442 5.99630201980299
6280205.55229612 9.24969450535704 -1.22868717239643 5.25490072334879
6440667.90716406 -7.7956274793463 3.36205477517194 8.08556694448253
6477976.34100045 7.15986049601802 1.44835384164395 9.92169200439085
6521187.49617198 -9.56070513444054 -5.33345817370967 4.66380373326307
6613963.52402064 -8.88499653846258 1.7098854071041 5.6615546232376
6662847.59150879 7.22682282199469 -2.92812803430861 9.53814331420611
6851679.2535697 -8.86482335574218 8.32357163462954 5.56163744794281
6877862.67357927 -7.94759603121672 -5.33307987047968 7.38977863331781
6880120.94154805 -9.0238820104971 -0.158538050092076 5.28230349313575
6968372.76047454 -8.63723466109356 -7.65060746001574 5.89833602118228
7024889.00440567 8.6639839218296 2.47160801313427 5.81796718566584
7089266.06937229 9.31830634331252 9.02204436204492 4.72778554760282
7141944.89787552 -8.84320706075207 0.0082135899030682 5.44247143689658
7176160.37128947 7.43053912996805 7.04893513445227 8.51615787414655
7561496.94968769 7.46227243797028 -5.58252583983472 8.15745795991153
7599487.56332798 -9.88466120319658 2.66922948540618 3.77449779481371
7655883.7914348 8.45983105639919 5.907020743893 5.85429064736436
7674402.93438526 7.32282061936465 -4.2787103328289 8.47003885473592
7761887.66061876 8.64218149270964 -1.47807180484667 5.4747056194929
7980258.61302575 6.7791337598018 2.58242660788001 9.98009710571733
8176275.63422166 8.52617913788472 0.0862357533007092 5.48211104026162
8752300.82899755 7.27258854418648 1.76805350546169 7.9392262166083
8814872.60523755 6.91076318589541 -6.72435591776127 8.96805532228577
9238007.57301579 -8.94777569870827 7.67215105596564 4.39081827848722
9286441.16253673 7.17324010896182 -2.2834329923072 7.91787809595367
9593829.93703458 6.7412353291834 -0.92997148210647 9.04813771091781
9594399.76123036 -7.39649842372001 -4.72601325936895 7.17704458030734
10047699.1684734 8.06829477570406 7.06702229430295 5.53620097019533
10166212.4409466 -7.49000923591201 1.30204728399499 6.69362973267847
10296828.8334337 -7.40069412505286 -7.72050984097668 6.84798889646678
10625560.6003998 -8.77010182420262 -2.79738858006773 4.20219565471736
11299743.3334722 7.29180754036261 -5.88245868491123 6.69970024223425
11377407.8735738 6.63681806839854 -1.66772105343068 8.46561997126118
11479638.6464933 8.94778325173435 -1.52159764967933 3.73202806978115
11782817.7706835 -6.17961464271863 -2.38122794422378 9.86167978488918
11843728.9884538 -8.28042577872073 0.606486420429537 4.58934388802822
12408897.6061539 -6.56423293825436 4.17770050194939 8.24328593827937
12507596.3022827 6.35493874380129 -9.14354131517165 8.88582021877441
12616509.0375357 -8.89787082509039 0.11675865860505 3.52873469401558
12618392.55934 7.66752997304664 2.37378445098819 5.44482362244503
12630567.5923082 7.16302142346418 7.51564945909923 6.526347546152
13479025.9606305 -7.51811249997379 2.11994501395148 5.49193311272745
13624109.008425 9.80295716775719 4.68183751901697 2.38296739402365
13648795.3667626 7.83627218466079 1.80905629499306 4.85282160102055
13685817.0502172 -6.78249495885451 6.04925827870576 7.13524229691143
13805637.7572419 9.2770479057343 5.7010970989713 2.86164318810293
14083148.7170515 7.30065640867718 -3.82209752398641 5.77228428599065
14200610.3312505 6.47970992907868 -0.730011700992478 7.82548784177074
14596504.6407631 7.40136810457398 -7.84669211034043 5.42777044485685
14873549.9378443 -7.99590125586647 -1.55631367655299 4.30458452287344
15939060.6181837 6.14680553607028 -2.39190061222385 8.30473167742823
16110030.7282597 8.25010366656357 -2.31260123304678 3.68977583650955
16269377.4074783 9.45910721992101 3.00183264212768 2.30696982345868
16356011.7263781 7.56824456042063 5.84492017321518 4.71005175016357
16887396.0975924 -9.88342558028336 9.4350729693822 1.87207165727023
17055921.5616534 -8.51285705273638 -4.21410867674933 3.19333746712345
17398595.3407747 6.37464840727609 -4.57429734737347 7.16970329041114
17817554.7679654 -7.78146814451621 2.15735178075607 4.08087233737152
18172169.5417248 -6.13624610758212 -6.21472380879089 7.68264503110323
18246496.4238856 8.58119366624448 -7.35268132637845 2.94101209982346
18345889.4568153 5.66767782702468 -3.8633128040765 9.29583448883884
18509121.5046511 8.75416221970421 -8.87949043832696 2.71380548026124
18590886.8387253 9.51724441699555 4.72676203340607 1.97941250725622
18948207.2641106 -9.40075908759644 -7.7618913528332 2.03990987131368
19090803.5745471 -7.66969954486457 5.98260325192595 4.04656280486219
19319687.0455462 -9.58218641559695 2.0092555191411 1.85072061226271
19580582.3369464 6.23363860707434 -8.03341522721267 7.0379056767737
19612449.2678654 -7.87180865084371 -5.10216460335169 3.66302040110483
20009752.5484243 6.14470103576067 4.61610102775325 7.20088616814505
20929137.0969423 -9.04760818884131 -6.38265331107315 2.14939067705972
21046677.953542 -6.67819534273734 -2.72312796335813 5.59476119260991
21185972.5960189 8.99669067887435 6.64818671375894 2.17090997480364
21655569.5824427 -9.47712725004047 -0.834762254187261 1.71766282604898
21774257.3496754 -9.42342785160217 -6.34410301984479 1.74986493389581
21781055.3222197 6.31710266522928 5.92299646508088 6.343133382659
22152006.1037953 6.36041475290452 7.62921424472202 6.16051048792923
22254038.5096744 -8.48882999200785 -5.7507016862513 2.5708006660318
22516446.6699061 -7.09353685243686 7.96954063604099 4.50743239117201
22650022.2519231 -7.50864204834618 7.91147070839604 3.79061500252719
22731639.7906874 5.24678881058786 -4.93172290498937 9.83796408392394
22798363.7685954 -9.89032370964546 -8.34287829619966 1.3266377855682
23001143.9135658 -5.30274864998774 2.66707864248523 9.52114689141565
23054219.3778922 5.52724693693558 0.353462300427939 8.59200626546145
23627687.7488443 -6.51579205715833 0.83153851834663 5.52855159879129
23886161.9895592 -8.00432712678068 0.739495433280009 2.96166198000389
24399815.843075 -7.36331216868167 6.47113586611633 3.80092329988299
24477749.2543369 -6.61777148797073 -8.49294694070376 5.17010654097894
24497458.6193801 -6.18820389555218 -1.55210473181312 6.19680382134244
24584327.105751 -9.65697372316242 4.64667479258341 1.35986021317535
24992349.8557261 -6.0499961003894 3.1187768993521 6.49000635207165
25083538.8844197 5.45453590129248 -1.17640781736765 8.42580087409625
26132254.4988162 6.85975878353219 3.65858721251534 4.4578401718558
26308335.1375478 -6.58599076633621 -4.47110790501866 4.98232716460821
27175104.0514989 5.35784489259024 -9.04626243703359 8.38010894059209
27458232.7139314 -6.08175607215695 -2.69836146044469 6.01431936771344
27729884.5047721 8.09238510117511 8.4015821937479 2.5043009093517
27775732.7991334 -9.36850103520253 2.70061393859825 1.35799983113911
28147172.5548277 -7.12824494444218 -7.79885842362366 3.76184880443003
28253179.1933062 9.92266967889046 -2.40102705191869 0.967915845554284
28416996.04073 5.58391329626735 9.17619731238866 7.34482689636984
28977889.5813662 8.77755952942071 -9.81546043409755 1.74493221181675
29002169.2903749 6.32138833232289 -5.25087257626041 5.21744960696318
29121178.8655834 -5.25440296868533 2.18405387000369 8.42484743261004
29191880.603259 -5.77064521413792 -8.80296946447481 6.63256051793348
29233831.1663658 -7.48683078097498 -7.41901959172404 3.12483304791377
29319363.2208743 -9.84596554182748 -5.88202967116704 0.95885089177585
29419851.7217355 6.34605794974885 -4.21532571046396 5.11026428784722
29591615.9801333 -4.90108093009381 -0.636242586484292 9.88616419019464
29639932.6230107 8.6549028841103 2.40032292548582 1.80843129372617
29890036.7223741 5.11312904540129 -0.747220707473913 8.86590964108049
30315497.5003288 5.066915897218 -7.17834949362015 8.98684971918671
30318925.7338353 8.08658419087836 -7.76926239848568 2.31326465136989
30557037.6041324 -5.46316024636066 -0.361893703398245 7.41334056361268
31149586.4671188 4.93171659993553 -7.36429806675962 9.44066310275377
31624299.3829193 -9.88353850314558 9.12630896974649 0.827013249894144
31652441.2428384 -8.83070547079235 -1.82322927369887 1.53971322418177
32567649.3644478 -5.05625566237432 9.60016290638603 8.64362868417224
33376406.9442163 -6.83955925369615 1.39791899891473 3.745753892579
33382514.2722226 6.95297442234725 -8.62122484418621 3.55932731812788
34153929.8962632 4.95944075051669 -6.47553884260149 8.8023880025383
34407140.9848751 8.36776093503822 -7.22260360476682 1.78057267879163
34840359.1909274 -7.36961915035249 7.81850547428173 2.84349771814584
37891694.978124 4.80747742336592 -7.13568852149681 8.91233500042573
38029346.6332897 -8.62302606861248 1.73936719621502 1.3856570848197
38136376.2674622 -4.91815498793412 -2.2938200236735 8.39309341199374
38917193.4162548 5.61688636225503 -3.16542184593408 5.88752088876791
39740160.8734499 6.86043606924845 -9.72489523688559 3.23199510259181
40015799.2557355 9.16817107199141 -7.69996752855366 0.91943709688235
40681909.9031707 -5.00095351366371 -0.973036052180937 7.73104159987114
41741236.7357318 -5.13618788455435 -0.133346575374411 7.10708527691061
43082194.3127635 -6.72309917245205 8.21372148497669 3.23153139708169
43385130.684116 6.04859235512493 -5.45012408655608 4.4406791005473
44238948.3221801 -4.64445489209353 9.95060794053162 8.81736116428737
44312262.9022015 5.56800039278716 2.75104011071429 5.52023687191319
45356969.4544084 4.38405464141819 -4.47339118200978 9.98939553275211
45673439.6302094 6.1658810154376 2.49830020242292 4.04008455296982
45780166.9794147 5.02754838905649 9.58423467333626 7.07426722956554
47713743.1586638 6.29727246998682 8.4626686286473 3.664983256564
47779927.103441 -5.91650114204572 1.21675767526811 4.41315091886239
48510316.1930624 7.33701725366387 -9.07788710625744 2.13860886736708
49406760.328892 5.21540283933999 6.03159936891478 6.11566014407001
49905776.7816647 -4.58335862242773 8.61014109040151 8.45538580718235
50716363.0463465 -6.98804866382296 -5.00955560943557 2.46151789671812
50839827.3226038 6.16229530245172 -4.04488172104809 3.73032132803012
51568404.4464788 -5.35473500162118 -7.31266908222468 5.53502116144403
52570562.564509 9.75214581925056 5.05006990164987 0.249898345326026
52844615.8816228 8.79330836180286 -0.510688848099992 0.760096949879125
52901518.0778845 6.40523557383811 6.94888087778766 3.19904104489789
53800432.0900727 -5.84646596379879 4.26252669387615 4.18772780997107
54591975.0768323 5.44228642966705 -5.49693200527548 5.08874547439103
55023707.1861118 -6.87517718266471 8.80868021343307 2.42431541552037
55036708.7284534 -6.87280936952345 -4.80715955365783 2.42684151624648
55734814.4546502 -5.45640792486091 -5.07915888683831 4.97909215976442
56623577.9005935 6.62562470725999 3.73098585462709 2.69577939654504
58002641.1972867 -4.83354802934152 -9.32085758974816 6.71724699284753
62147153.4521215 6.95944978713964 -2.75187859905506 2.06165442804883
62294250.1706937 5.06789804206598 -6.69425389575504 5.65034083819498
62375836.0045017 -5.86277608567047 0.532469484271701 3.71273828377609
62474607.4587465 5.8840019981768 -7.32998543294612 3.66709132383908
67969111.4205813 -3.98663595970098 0.0813383004075554 9.83302362255427
68069582.9010259 -4.72183395862665 8.28380715953363 6.42878591848015
68460008.5227163 -7.9270872464064 -3.37488836300321 0.98202961077077
68606428.4600223 -6.78836805596406 4.16751036148868 2.06201568807569
68860519.3723544 -7.97238181250746 -1.28306182626777 0.939610382048233
69171879.4613979 6.99301180289733 7.18029348048395 1.81199374227412
69644342.0140848 -8.07838287115022 8.13307360659031 0.846730326696639
70592878.7622206 4.01094543468717 6.97971689374173 9.46958363031484
70743440.5971338 -4.59934717724069 -4.30019425894143 6.71332793157237
71494725.2183706 7.98539671953088 -2.18921994426717 0.875267931667747
71516201.5865925 9.72853601897533 9.06887213656161 -0.0630820868830586
71652425.5936271 -3.98748278337879 0.160557036362848 9.5183835176371
72975549.5672079 4.6827455771541 -3.58909633643417 6.27549173136963
73696720.1146789 4.95582517932906 5.4363860261796 5.3521767237001
73907037.645749 4.02742414457138 -2.29898266135668 9.11657440434982
74256667.1553821 -4.04010178243746 8.22575897827081 9.02073296672699
75710928.0705834 -4.19160615382325 -7.72726613922383 8.13911508682143
82086196.4018201 6.8496469859265 5.51588646858739 1.64561606554576
82639692.0247606 3.79832445355054 2.6971457771478 9.81557225799913
83817843.4510249 -7.40595146892869 7.36480026383176 1.08593293981903
83902917.0523245 4.46642132218295 7.56081169357561 6.48020450793216
85727957.31574 5.88636514539195 -2.4474211188254 2.82983217054505
87115951.3830563 3.76260495454194 1.95538926495025 9.72574297325953
87652797.5422678 -4.99688135227043 -9.61661094781785 4.62793465453569
88545679.0624188 -5.40369695769795 1.68936054766614 3.63871622534409
91869644.7902118 -7.52486439306515 -3.50566054391938 0.854402934598923
96542800.8137289 -3.65419117438336 9.69965170123598 9.80559974899776
97299039.7030891 4.14837632987107 3.15675147490425 7.12451244570525
98125242.9805838 -6.40740725044506 4.69142858623128 1.80850351779186
98881320.1032814 4.55141302875774 -5.86095387854658 5.51880689129178
99805311.4020107 -4.44308896290282 9.32902537255037 5.85305029333245
102474970.533768 -7.07522954655589 0.982102635773877 1.05604529895636
102952123.37191 -5.8514270539635 8.86128080955766 2.45760127550811
104100405.13521 5.26445119421205 0.183260473508044 3.47639157133009
104412374.722889 4.45388464930183 -8.79374879356183 5.63956797851229
105438888.720796 -3.75139186799125 -1.74463558557659 8.71576371542912
105540054.697492 6.05287026430148 -4.28725277738983 2.11411567968974
105964098.509146 -4.59695964800052 -9.51298552542598 5.11837839852943
106575621.68874 -5.21438067556097 -3.29755193241758 3.51644379716201
106776771.612426 5.89969564038315 -2.31651498578327 2.30520189381447
109907869.70277 -6.3717726135495 -9.2030559755876 1.6375999858778
112217520.877548 -4.76627441810736 -6.66297038861689 4.43324834780453
115970963.267495 6.32118235170896 9.1209392338623 1.59748266059788
116329184.185322 6.35338193567162 3.5212879877171 1.55558704005349
116965013.712959 5.94014746879234 5.35805657289832 2.05634327235461
118460758.702925 8.01666163747043 -3.80540936896829 0.21291665277114
118520671.072939 7.81122775646449 8.05773440658009 0.330249522966447
120163289.182594 -4.75183579826347 5.65368905461099 4.25326789461694
123069924.599543 6.96715297036206 4.62060937407455 0.874044518393484
124583709.960363 -5.91285035755152 -9.69430034965943 1.96585501170059
130507661.78312 -7.998867518268 3.87639403058048 0.116965430843161
130530779.934944 6.8289786748723 8.90753594176264 0.904153590511603
131829956.523914 4.5181953788354 0.975975846394885 4.60136725315888
133944479.776548 -3.84482375059501 -5.06067316749165 7.0433655088038
139036160.222641 8.52214083938028 7.12021212890754 -0.193553124644586
140478246.758007 -5.57538462596731 5.99134619161084 2.19868629807545
142612773.815141 -3.69351396043483 -5.6567834483724 7.49475072952674
142986694.411093 -4.94691484372454 -5.20258007347704 3.28593337595739
144295322.685002 5.55843815000655 -5.78376970057551 2.16765470438062
145131573.927703 3.92362393155863 -2.12599837785866 6.33982794188886
145535222.915299 3.97512689883594 -7.39061855589534 6.11376297479205
146339390.964211 -3.57910640238743 7.14180424676361 7.9808696815655
148139785.041639 3.48464456083469 -5.60901321266266 8.46466140750081
148757665.986302 -3.69356187698132 -0.116758304702472 7.29480485305879
151111273.524016 -3.75296220823795 -2.47903964132026 6.93196656970865
151851554.460585 -7.04815464888148 5.3754544981641 0.5262501400552
153352658.983496 4.86596311203482 -9.23662328125752 3.27394934057908
154052202.022197 6.57753261578155 6.65870801390088 0.879728398695461
155115446.436443 3.56984370088663 -2.81264282428317 7.74254770844362
157120532.524695 -3.5292019106118 -0.725260400551026 7.90390225961055
158007867.763099 -3.72976705139958 1.40124477045669 6.84225628005446
158667497.193184 4.21848393707466 7.50406516599658 4.89765728586244
161226646.737813 -6.64906400099819 -0.144336712613859 0.754179866404357
166207166.634277 5.45074821237975 5.25209271127921 2.03588613869431
166581870.273345 -4.70311750411201 -7.56888490057033 3.41485324940405
168579017.134353 -5.69529206291553 8.33615908321746 1.67042597740443
168648617.390722 6.90859075491716 1.88930095727057 0.493907402499536
171685155.71235 -3.53776381981455 1.07976639227931 7.42523077755479
172757318.834184 -4.34746658166287 -3.81694093058675 4.22177687018261
173901898.386181 7.07138743115188 7.70117759597543 0.343865011978831
174314789.905707 -4.38779181539444 5.90625544819341 4.08035387940721
174678590.488601 5.90037421132455 3.48077512042633 1.35897042758715
174852990.689566 4.63860635396028 -2.12256663112089 3.43214400738112
183050062.315164 4.53752024776187 0.646259081850879 3.54720510241911
184373341.446966 -4.74499813036295 -3.76712103084061 3.05430882286947
187813968.042161 -5.06910959960386 8.55648619055584 2.38752406667337
188032442.90229 -3.26256620383941 5.24578929657386 8.5854372375577
188240226.957125 -3.63351875619661 -9.01669480792093 6.52965976695049
189565246.6614 4.10064120502241 5.25509619864407 4.67337591325556
195071743.758466 4.87255139968942 3.43145323611398 2.65868063674247
195288426.283599 4.77789738903656 5.04369788572364 2.84237861299998
196580818.243766 3.23862816823583 0.81436921414657 8.50423272629466
202953068.262626 -4.61086938838049 3.20690295342677 3.09953356771708
205578860.704658 -6.77154068684743 -7.51928759623286 0.349124581715616
207537278.914836 3.67076073478477 -9.05406358607768 5.95588953045937
209084770.828051 3.63347684668073 2.36365618759937 6.08959938217401
209667847.190034 4.55128810114753 -5.27227480675665 3.14865454712354
217630493.681728 -5.13946838450593 -9.67299939118 1.96237585133052
229248734.515635 -5.50529916561455 -1.4168815833595 1.36376933723864
235842749.264903 -5.27758146416283 8.33401145335939 1.60826257039246
237973544.360293 -5.5412161888281 -7.02181548672813 1.2582657631758
243148219.170904 3.33152526679054 3.80264344336588 6.91640009028669
244790161.526482 -6.26312414010201 5.54654728413864 0.514313546248857
247744607.53204 -3.0203409832997 8.02669259627661 8.74620377959041
252754374.769917 3.57019314243002 1.84519650966171 5.61363620479295
256975474.445549 -4.18990184282414 -3.24521486332883 3.48194353910253
261965573.879532 -6.06531239862801 6.26057649788473 0.59069558539926
271589654.354729 4.48987038549495 4.91673245789331 2.64232393942881
271910695.39278 -5.38856704504628 7.48553635435437 1.22105181739714
274526327.002233 -3.25505862629742 -4.00051739718789 6.78465390428186
277423631.431571 5.1833123225641 5.12510368373483 1.44606596391931
281360290.729159 2.89853359241902 -0.164191308507785 8.94176127339795
285972510.271332 -3.99782853852856 -6.79508719444046 3.70462481570645
288509599.501502 -4.37266407272437 0.587709411321073 2.74726477113891
289385919.889332 -3.76634193294046 1.10701021324238 4.3889540687152
294836945.955504 3.4143150660276 -2.15949926160253 5.70130574316778
296667210.447211 3.31962050558982 4.96867569860475 6.12147516390377
308699124.298129 4.46069298054124 5.7463096528064 2.40835122410597
314964278.976513 3.75166411220639 -6.6326935480501 4.16907357711768
343213009.703111 -4.06757066681402 7.52683840576878 3.02483990463654
345638529.079712 -2.94254420927844 -2.3846314625743 7.56750588192023
346936421.157683 -3.34021421770575 -9.62861653400055 5.41094017001378
353870604.253747 -6.42425350678351 2.16760653637704 -0.0165178300889757
362061401.085915 -4.03374810425274 -9.59157548825796 2.97305934735251
390704520.21637 -3.39402787079757 -5.46613604550536 4.75871558988407
397097192.915868 -4.2682013447714 8.95205175455289 2.23870988573819
398665799.203768 -3.58709733634586 -1.56025363670674 3.9892223169977
398684978.353192 -3.88072404725511 5.1935584448248 3.11705474421245
428579626.970764 -2.81482561156844 9.67956583932022 7.37623443704855
433739211.487142 5.78922319029887 2.23843665432112 0.203236178589631
452874117.569458 5.43268196072089 7.13887625240669 0.447746194176258
484858942.239305 -5.06384642564871 1.13486085605568 0.721460027024829
491130975.305492 3.40725814616646 0.0647444790530685 3.97198747562803
509964290.171102 4.52108946373737 9.47121691865437 1.32774180328834
526831867.680353 -2.78144056572646 -5.451688578097 6.64814933047078
565929562.537131 -4.22851410425665 -1.784515181456 1.60828265902041
580117500.723588 -2.47932447701661 3.718524637501 8.36437955422531
586531047.6916 4.66419796210909 9.45373389844491 0.912271361291534
586856979.49301 3.53096137453381 -4.75621770823198 3.08016946217053
599656001.236926 -4.69493324621345 6.30866302005419 0.842128261384614
607065313.137273 4.81334634815033 0.913212295115557 0.687194425001366
631180178.928341 -2.61832754715268 9.82670380725838 6.90307974671157
638975896.837836 4.33288996775303 -5.99272173642773 1.23093310335229
642996920.295419 4.2893426838747 3.59835236966533 1.28635439615993
687870183.048414 -3.27263067163184 -9.10614722366731 3.45507234030174
698406132.19287 2.51809429960237 -5.51365162037017 7.14301728510438
700273859.969508 3.14208266937271 -3.78938724928973 3.86419582826281
725609551.703429 -3.919631789401 -4.47904059406325 1.70082370364146
757874021.121695 2.7567436791755 -0.603677877506092 5.31767378343161
761763278.394715 -2.46924426055944 -7.29326154910646 7.0971807823969
769047214.621501 5.32367192922331 7.20458693672185 -0.052357441770079
784462063.216507 3.54905427133155 -5.91611483875481 2.33825844355778
816623831.825563 3.01010491932282 4.16782168399907 3.90856691352491
817035668.417811 -2.45520996509828 -3.88322890451328 6.87887372303702
841034716.41297 2.96243875891084 -6.25807398755945 4.00937031675566
857886636.147432 4.35212190931296 -2.2763957978582 0.756350453363893
862040934.240271 -2.26032347057961 8.13909893768798 8.19339308803593
902726306.81316 5.58542389217085 9.36748062230995 -0.369430887684892
924037301.778842 2.45228637589714 -0.580420834282609 6.35861062275181
932188891.367417 2.28196255503314 -0.0586448284139127 7.60975679271377
1047390392.8283 2.02402142436431 4.34373799448076 9.50943575217828
1060568318.79843 2.92050525216409 -8.01257810462852 3.49286497267562
1087128585.03986 -2.19418404260379 3.44008089669052 7.60887147747393
1088389451.66765 -2.05308290759711 6.72187044132588 8.96848817307897
1092429061.98426 -5.18847693465113 6.93497460192767 -0.285784728026849
1192105728.12453 2.21811744022095 -4.80159295480773 6.96962050952465
1209370591.74336 2.4043699877357 0.162081201636271 5.57779021355221
1238396216.02578 -3.94696297773484 4.35059535054052 0.77809960151934
1281894380.70398 -2.01994170063173 -9.75938279170514 8.42122192421053
1334961842.66659 2.3881269117762 -6.28202318040748 5.30220106025329
1354146599.45482 2.17261865370563 4.22058088435818 6.75830467453147
1569449955.80879 2.48896387987256 -0.48094957623675 4.18682927926389
1618313071.34563 2.88048010919265 3.22955821325516 2.54708761002267
1627071575.9837 -1.87061908276315 -5.51030445634867 8.75201133021713
1724981362.18133 1.97877147792781 -0.885490472840839 7.32433728749135
1743101618.04366 -3.01686945046152 7.65990029911506 1.98987748100882
1842109938.30933 4.16736244883731 2.70641032266729 0.0323965819703389
1851381128.7008 -2.14844752668796 -0.177455353633247 5.62698330526565
1867358549.93049 2.44669828212201 -2.66992820085489 3.85493213956008
1919643994.85322 1.76884820301498 7.44220470890505 9.04371463649148
1986135015.83109 2.17958207809347 -1.42049218128458 5.14717590769156
2111506118.38889 2.63146428048213 7.64995571116449 2.75082332675849
2172112169.98306 2.63201810076461 2.11109218751597 2.6799989550747
2182583454.82748 3.3798398977983 -4.56055462107088 0.831136317379372
2182853891.56401 -3.51391011547014 -2.07477658617998 0.619044252959567
2192528959.87675 -4.5353746761267 4.82624054645479 -0.431419038414685
2197814505.12635 4.04747704698121 7.55788355020708 -0.0329314964045437
2378046401.07151 -2.74041117762235 8.91954843835884 2.11964058322815
2474766354.89637 -1.72122226642502 -1.84722301170566 8.22973386302112
2564331391.07162 3.15461157502356 4.78705646227443 0.989876441187167
2660337311.28142 2.05706183428739 -6.10251617436414 4.89898375929286
2672178955.40998 -3.36518457781765 9.98862097970612 0.571902231579601
3042749774.71731 2.26023672719497 5.81417561313797 3.32956240201814
3112022955.81946 -1.91163902725635 -0.891066701566366 5.36395665973609
3118874732.06217 -1.91337321508367 -5.19030365868951 5.34228889986048
3478825545.65419 -1.49957870668712 -2.62531037098975 9.29265880924308
3573881611.40843 -1.56422288695547 1.81552251419775 8.23361014865041
3601447242.90075 2.37082522938532 7.07250558634871 2.4369464872577
3738080382.72662 1.91189948092769 3.09252788922402 4.69139664186695
3800243693.3152 2.59306124066611 6.58346433964719 1.60645633545073
4043243207.87098 -1.59676936063765 -1.35392890840486 7.20784285907067
4359422237.53824 2.66094860279045 3.99713813047723 1.18749188780202
4889595034.96804 1.53778808728689 4.52095688065558 6.98588145756437
5296208968.10067 2.72722813893446 7.34835030387545 0.739412983292439
5567557464.17351 2.64173722483299 7.19858782235467 0.843673297596943
5598734445.26074 -3.17865198160459 4.71384954392624 -0.0415890710622016
5653989607.69796 -2.39153638127797 5.39107609325604 1.44171688307157
5705689704.11533 1.72232765318934 -3.73411090752767 4.6042385020313
5824573862.79033 -2.44796570970116 -1.59003282505555 1.2338149786153
6092192697.63842 1.70428867065547 8.74441553780083 4.51474580658355
6313632270.23496 -2.77323937638348 2.29488280243002 0.414481447271296
6541276047.21469 1.90143475863218 -0.571694174116335 3.04057689059553
6726654503.24349 -1.44005535703155 7.69951160890028 6.65811581381509
6790690885.6262 1.68598229609708 7.53675575253403 4.28482519196571
7257344707.90436 -1.59365431014153 -3.92020287640402 4.79037929083704
7625815578.43489 -2.1864070520673 -3.06648018447053 1.51372420206374
7728480309.67116 1.2077578675038 5.23612382599904 9.4325343982468
8250717620.07706 1.73657190601182 6.48136923857097 3.34011970709084
8551465892.234 -1.84262244582298 6.73860854317369 2.65311619856074
9672803192.22734 2.42445311156309 8.19101221775217 0.515748220736043
9919280791.59668 -2.0680781789441 8.90504519404147 1.41089938181029
10481617726.261 -1.67704327575725 5.05197597437165 3.03506725143412
10609941914.65 3.28403964325974 4.17316105876731 -0.695467987421651
10817483987.1274 -1.16379116250379 1.32313820129406 8.27897016810205
11152383930.944 1.86339240142302 -0.767980893500141 1.94404281300681
11309140131.4958 -1.24202182108631 -2.07013404558885 6.81060669795173
11594662562.5635 -1.089217993938 3.8719345507547 9.30156163838765
12034332265.6795 -1.80151096163388 6.95999394029379 2.0486706551391
12778832771.8607 -1.74213829997095 1.77639357362706 2.19037393675669
15459931395.2526 -1.31275279974227 3.54947958772512 4.64844244283086
16602780456.0721 -1.42634328055491 3.67231720763832 3.41432958534655
19843099707.1212 -1.50804739050011 -2.32813117668411 2.38676318544278
20565418948.7386 1.29743685540624 3.72630369557361 3.80840910310317
25757538391.5997 1.12989211041941 -0.229452126766299 4.74382974893964
35167968344.8131 -0.857529784952071 6.27768290055808 7.77667677857758
36638047881.3639 -0.794502389987233 -0.698422626917449 9.12071195390109
41049489102.0117 1.38329715066743 2.46383340678356 1.42914066623391
41770749458.8868 -0.779436533702274 4.03282914964148 8.68782208240024
43686925723.582 -0.779268765253606 4.54995845190713 8.40843179189061
50962149261.8016 -0.856761443827656 -2.24708980519655 5.84437331922556
72293128947.7443 -1.85748686634818 1.39584570722461 -0.660883798571716
75521541257.885 0.62259814265305 8.93983223426148 9.57621839809055
77493740777.28 -0.932020661855127 9.17966166472978 3.07921945726463
98144985881.6302 -0.850742678554143 4.94858144547259 3.2008564999331
100689146915.365 0.595275680811739 1.45914352101234 8.43921954670885
105855362509.677 0.621286300300287 2.73984864947379 7.25223221688169
108993091469.336 0.575549002073494 7.52229259234029 8.55457774296151
115181036984.646 -0.550818513404028 9.35207815810669 9.07402475321387
154209633522.237 -0.490718740267083 3.95698442773753 9.20007417872552
163464066162.634 2.68087719226297 7.77763293952571 -1.64167707396749
192234660014.405 2.32319427296668 8.85919047466442 -1.58404521252217
238785650107.91 1.18351586683817 2.01104963757612 -0.688634286955294
242978234844.91 0.496561289996169 8.93351134794462 5.2974024765647
263744435266.043 -1.4528715384439 9.41653068150232 -1.21678092107958
267788376317.875 0.422420208539078 8.38735555223532 7.11018740064939
281285573510.574 0.987418084865165 9.74968799378243 -0.421681306521259
362263982272.054 -0.445390432349122 7.9040645239428 3.59050435646926
366394587559.557 0.340045062052107 6.68534577669825 7.43738501213369
434374147038.459 -0.350851607672336 0.449688169383297 4.60568402642649
440484032622.478 -0.297752828475904 7.13713341259264 6.79297777674765
446245420459.972 0.461744289128923 -0.0924611511139481 1.60229502786058
448314221652.579 -0.477421195468596 5.24761713819933 1.2997172546106
509342911325.002 0.229503992120502 2.93577694936459 7.96739963719966
515927136406.275 -0.44303172754265 3.2897962877945 0.545553849332759
516404893884.82 -0.258784429290698 6.42750572246849 5.32775963439036
521044737589.045 0.475776479801059 2.54022599781874 0.128636709474323
534088250011.016 -0.778848822591291 9.71048837514151 -1.31651282837452
562584893348.171 0.165003095830327 3.4031803502716 9.4182124824348
564765417844.338 0.186481266369336 3.36247451294329 6.66308433593395
573693451361.366 0.15275701421907 5.25468058663173 8.79659870583406
580853226063.309 0.353597742670029 8.3994511879978 -0.404249583559228
585214531492.832 0.153409880657405 6.83342922331459 5.66611722841212
595147728941.891 -0.114210317895845 7.64925503062515 5.38429721974968
596477908731.339 0.124604622891454 1.05544037700419 6.94033808863738
597485977064.959 0.254316055334321 8.75189346203203 -1.2551426567394
597728182476.327 0.121802385021841 7.47062689506944 2.44603429569213
1.79769313486232E+308 -2.46558168552145 5.68279734611641 -6.20830318713947
1.79769313486232E+308 -6.79419784657387 7.63027975225368 -6.48334470413781
1.79769313486232E+308 3.85404673118798 -4.03941257579225 -4.16196026567461
1.79769313486232E+308 -5.95861349066655 -1.69407992236972 -1.67136615685717
1.79769313486232E+308 -3.53081594851372 1.0396547108142 -4.01716495585496
1.79769313486232E+308 -1.7842545973995 1.78255733651228 -1.32941490566796
1.79769313486232E+308 2.92929430162967 -8.15483104351667 -1.59447500090789
1.79769313486232E+308 3.106709538543 4.37657037488025 -1.58540951627559
1.79769313486232E+308 -3.47463216328743 0.633963146542182 -6.75570702960515
1.79769313486232E+308 2.68219891594825 -8.93476573700773 -5.35685736469778
1.79769313486232E+308 7.80886176871548 4.26614209742571 -9.6626123225608
1.79769313486232E+308 1.424888815463 -8.88338394411066 7.32381744185641
1.79769313486232E+308 1.49715293734202 -7.40204736469409 -1.49170665605539
1.79769313486232E+308 6.80427944138846 0.242571537495857 -0.0831316272183926
1.79769313486232E+308 8.37837603798992 -3.89205371676574 -2.86868058744291
1.79769313486232E+308 8.44711407015431 -8.02318257187641 -5.39397749835345
1.79769313486232E+308 -0.899421866470679 -7.50428235042108 -2.29724024995102
1.79769313486232E+308 -2.5930509309252 0.859685880532341 -6.67169285783157
1.79769313486232E+308 -3.06545148280703 -2.29629869214087 -2.25314611208306
1.79769313486232E+308 -7.78589137726738 8.43284436428586 -1.8008708450016
1.79769313486232E+308 1.11315752897093 6.70360776442271 -3.67467296015223
1.79769313486232E+308 -6.47776183508232 -3.12682629242857 -0.532800150351973
1.79769313486232E+308 5.53760249891207 -8.64493714582405 -6.81011387929791
1.79769313486232E+308 3.52384509217173 0.0326044531690926 -3.08309193378458
1.79769313486232E+308 5.12917798717002 -1.61799649317656 -9.63226321136219
1.79769313486232E+308 -9.03023051984153 -3.00708071003066 -3.7872416217752
1.79769313486232E+308 1.39626155206759 -9.05609569468354 -2.80612393878686
1.79769313486232E+308 4.3207120682675 -7.36560646321886 -7.51765939291458
1.79769313486232E+308 6.99050343455304 -4.10299404249666 -7.49015210079502
1.79769313486232E+308 1.8559957723394 2.04576222786948 -4.12213359685714
1.79769313486232E+308 -8.160622901358 7.5893124367992 -3.32899668874638
1.79769313486232E+308 9.40841897363235 -8.04534561841066 -7.48666047001568
1.79769313486232E+308 -7.17785066793573 3.38235242915449 -9.26931508782753
1.79769313486232E+308 6.74471133236992 7.45017784528908 -3.06318903950192
1.79769313486232E+308 -0.0830063829584997 -6.72681778516938 6.33624127895396
1.79769313486232E+308 5.43465877670546 -0.443115546574404 -6.64540813148274
1.79769313486232E+308 0.900990055362223 -1.64553982747977 -7.7740309749609
1.79769313486232E+308 9.24941219354487 2.44691135941395 -9.02383515565835
1.79769313486232E+308 2.67700990320975 0.000166757963675934 -1.36215187206965
1.79769313486232E+308 -3.82830072838268 -9.15539889557073 -0.779174534035462
1.79769313486232E+308 1.62450029124715 -1.37361542851367 -4.21665630034015
1.79769313486232E+308 -0.111853345349363 -3.84160343270823 -7.2122730953676
1.79769313486232E+308 8.31966964449718 -7.61376212239906 -9.43355623606292
1.79769313486232E+308 9.23906049655707 -8.1871395177148 -5.08343430007037
1.79769313486232E+308 -5.99552418850154 6.77067485487586 -6.61481481819172
1.79769313486232E+308 -4.90927327187232 2.87246319133437 -4.37529451883179
1.79769313486232E+308 -9.26554579253567 1.16105122080122 -6.66202193901968
1.79769313486232E+308 1.27956107784042 -1.22416273282103 -9.98669729567445
1.79769313486232E+308 1.31383708273705 1.19381622932563 -5.15171345097558
1.79769313486232E+308 8.05687419979688 0.970721799400971 -5.21579075381895
1.79769313486232E+308 6.56879853297435 7.39775757184148 -3.48058153571588
1.79769313486232E+308 -0.910286033018625 -4.41650196649903 7.46839519472253
1.79769313486232E+308 0.35179777552923 2.70746145989162 -3.52001757059247
1.79769313486232E+308 -9.93172084909478 2.72491473365804 -2.00516241230311
1.79769313486232E+308 -6.62811752251727 -5.54688343570888 -9.66867451540598
1.79769313486232E+308 1.90942048649742 3.77150429122686 -7.21435038243157
1.79769313486232E+308 9.10528701688409 -2.81460006386722 -2.92283394044397
1.79769313486232E+308 0.999719617422539 3.63343670667775 -3.20825407896575
1.79769313486232E+308 6.75601659191587 -7.77587688424433 -4.38968180417534
1.79769313486232E+308 -2.62010864569811 -3.77352407843504 -6.02158265934399
1.79769313486232E+308 -2.8169620283027 0.0827086484444823 -0.52746584197854
1.79769313486232E+308 -5.65657914413911 -1.39311099955491 -5.33860703713196
1.79769313486232E+308 -4.99127394286509 2.68838779660332 -3.50156118790692
1.79769313486232E+308 9.68823650837328 -0.269926707386004 -4.29889970193566
1.79769313486232E+308 -5.98357975295912 6.64451314911456 -6.44073621204157
1.79769313486232E+308 -3.12374685570772 -6.34844121353162 -8.0048892824002
1.79769313486232E+308 5.71819563196888 -3.34370123843835 -4.97345229376734
1.79769313486232E+308 -7.8696470418338 9.76300478901854 -4.95617036472828
1.79769313486232E+308 -0.18311697532568 -5.91253010365764 4.95176014255349
1.79769313486232E+308 -2.29707439071363 -1.08385842809633 -7.1638816302474
1.79769313486232E+308 3.11634918354282 -2.50519853667598 -9.64736464416951
1.79769313486232E+308 -6.22856614004288 0.891648154189646 -9.20761267617699
1.79769313486232E+308 -9.27685458179417 -6.24856967304301 -5.1571214269647
1.79769313486232E+308 -3.31713344590605 6.31349463775451 -2.2716284227891
1.79769313486232E+308 -0.429204697920571 7.47892649726892 -6.03565794231168
1.79769313486232E+308 2.91223749188345 0.857664016474812 -3.67070184725835
1.79769313486232E+308 3.06417185490214 -8.97177621674341 -0.353753869586509
1.79769313486232E+308 1.51509494125614 -6.01855857112378 -1.39032411919456
1.79769313486232E+308 -2.01670323126796 -3.50080188992471 -4.92230564119402
1.79769313486232E+308 0.385566852235034 -6.8858368028355 9.68124655060528
1.79769313486232E+308 -9.19885469563252 8.17766506140012 -5.98649402893451
1.79769313486232E+308 -5.76599572588037 -9.62101624329622 -3.63467166835194
1.79769313486232E+308 -1.31414387901972 -9.75391227740511 -3.39145660092656
1.79769313486232E+308 -7.46044305034934 -6.28661278462345 -7.12667816184772
1.79769313486232E+308 -9.67917762681804 -0.857824278463529 -2.77103982529186
1.79769313486232E+308 1.38156613865009 -8.1809455613517 -3.55315878687108
1.79769313486232E+308 -7.68420781832384 -7.17076117972413 -6.26464629371867
1.79769313486232E+308 -1.16983241921749 -9.35075997344719 -6.71908220123457
1.79769313486232E+308 -2.47123341656813 -4.55626018091862 -7.21418910530125
1.79769313486232E+308 0.193322883077583 -5.94931093787277 2.15313761129656
1.79769313486232E+308 7.56666475793657 3.61271797381934 -2.36086489277001
1.79769313486232E+308 -0.886903885233636 -1.07932809324904 0.403828439490789
1.79769313486232E+308 5.88041974039768 7.03990457441653 -3.6870630987394
1.79769313486232E+308 -6.50639353157319 -0.619566343081914 -2.05733959193218
1.79769313486232E+308 6.32987578228576 -6.90748028313158 -2.70389116960759
1.79769313486232E+308 -4.85541307127821 -9.82026827513253 -7.30848697820142
1.79769313486232E+308 -2.34094942563258 -1.04132009252967 -9.9608544912007
1.79769313486232E+308 -1.58404978531601 -8.76321102434919 0.520198256950916
1.79769313486232E+308 4.41239779554885 -4.68284263959287 -0.272192875981421
1.79769313486232E+308 6.93568800433338 -7.12968517892514 -7.12791710958253
1.79769313486232E+308 1.75990786019708 -6.71709454465522 -4.45023794400051
1.79769313486232E+308 1.02626031778113 8.2615810065817 -3.97450257743453
1.79769313486232E+308 -2.83116120511254 4.3920580830388 -6.90667240736386
1.79769313486232E+308 -7.34763248700073 -2.0945618823611 -6.48766155191123
1.79769313486232E+308 -7.45129329965044 9.40790133523191 -4.07135817877546
1.79769313486232E+308 0.00980407465705824 -1.0032586711474 4.65652358469391
1.79769313486232E+308 -5.5386447047529 7.38968989690285 -7.02479203093089
1.79769313486232E+308 3.24650034925272 -0.199035159404872 -2.16837899394724
1.79769313486232E+308 8.50675530662144 -3.74158550693727 -4.03350356688421
1.79769313486232E+308 4.27563248866966 -4.04848598597966 -8.98982840543139
1.79769313486232E+308 -2.58935303082194 7.1590347202304 -4.60468324581379
1.79769313486232E+308 -1.56319599205777 4.45867594073465 -7.76914423227736
1.79769313486232E+308 -9.46286952098034 -9.79744948437319 -5.91603977415526
1.79769313486232E+308 -5.54671259389572 -3.19817898478274 -4.60098270075441
1.79769313486232E+308 -1.9575811605703 4.81220690291943 -3.05999827248044
1.79769313486232E+308 -1.63047605735738 0.21906834571579 -7.36839559737984
1.79769313486232E+308 -4.39923476166988 -3.91769780494166 -1.93259772468945
1.79769313486232E+308 8.10106366784361 7.20245011020566 -6.88038362976181
1.79769313486232E+308 -5.00414777314483 5.23802831547243 -7.06154616412779
1.79769313486232E+308 -1.36298792034527 -6.01648339816205 -2.34314507448261
1.79769313486232E+308 6.83183846847705 -5.61796572786661 -6.62119468516726
1.79769313486232E+308 -6.94263421788003 -5.63992850279432 -7.47962454216537
1.79769313486232E+308 8.5126432396996 8.31747868951293 -8.78066365550303
1.79769313486232E+308 -6.01827107184486 -4.64225448418514 -6.83857712747463
1.79769313486232E+308 -3.34270341943144 9.4496147052616 -9.17382026052746
1.79769313486232E+308 -2.31456602565691 -1.23107323014693 -8.29973207707504
1.79769313486232E+308 -5.31140303952219 1.87500171916327 -6.91551382509783
1.79769313486232E+308 -6.03003433720676 -6.08540645618243 -4.35049485152145
1.79769313486232E+308 -4.23095147788103 9.75536113593511 -5.45116551939918
1.79769313486232E+308 5.17773448265052 6.40006920155141 -5.08954320805592
1.79769313486232E+308 -8.30580428163791 0.827209265356515 -0.451448080340143
1.79769313486232E+308 9.51906842157201 -6.74167986807492 -5.15313127783739
1.79769313486232E+308 -5.23262182028621 -6.77885555512218 -4.61933659139058
1.79769313486232E+308 -2.1782300864245 -3.44881020181291 -1.69118961863741
1.79769313486232E+308 5.17667459099399 1.63684161921816 -5.78094914359085
1.79769313486232E+308 8.53565169430135 1.93060158376144 -2.80370676554912
1.79769313486232E+308 3.66928915198394 -1.91403633538356 -8.75542102323632
1.79769313486232E+308 1.98241382463948 -8.16989158194973 -2.95418925255266
1.79769313486232E+308 -0.624564369499947 -3.4824788726319 9.19036764613836
1.79769313486232E+308 -4.6704989367493 2.25947959919436 -5.66122830643376
1.79769313486232E+308 6.25402860169021 6.8354563586579 -5.68390074916366
1.79769313486232E+308 3.96976402679913 -4.66958803807832 -1.36028091020895
1.79769313486232E+308 4.29044218468035 -6.80573923364549 -0.193266798832113
1.79769313486232E+308 6.27685613756853 -9.19347957670385 -0.932306577885667
1.79769313486232E+308 2.22053173567193 7.16185688840312 -4.34800889079832
1.79769313486232E+308 -0.548156691039054 -9.05793898695052 0.737613360740996
1.79769313486232E+308 0.505165993471241 -4.48838426474872 2.5553688186013
1.79769313486232E+308 -0.858091512163213 -6.71100678700535 -5.83378601625272
1.79769313486232E+308 9.11137103061721 5.08499344581971 -6.67673963898641
1.79769313486232E+308 -0.616365555029532 -1.84373904571111 -5.45708740849844
1.79769313486232E+308 -8.89115612902267 0.193941951819669 -1.53178082384718
1.79769313486232E+308 1.92857518416298 -4.93364793012554 0.0339148333454098
1.79769313486232E+308 -8.2507677088728 -1.83144492648144 -7.01227201941063
1.79769313486232E+308 7.25136438256659 -1.96866837887497 -5.57242620530186
1.79769313486232E+308 -0.488800215762481 -4.18048063022107 -6.52850725526386
1.79769313486232E+308 -0.93573629434022 -7.16310270929854 -0.994404065885769
1.79769313486232E+308 -8.89092148229988 -6.96905028865163 -6.19974323371413
1.79769313486232E+308 -1.19893456399391 9.29199002650194 -5.44732353438033
1.79769313486232E+308 -4.11275618435478 -9.71045774394202 -6.55082524593492
1.79769313486232E+308 -4.35938467008964 2.13227006240388 -9.87507066683614
1.79769313486232E+308 7.2807272883508 9.3250090532587 -4.49638116848487
1.79769313486232E+308 9.16295913940434 -8.12135053711075 -7.96459764147391
1.79769313486232E+308 -7.63502875232838 3.16421474011811 -2.27436802921554
1.79769313486232E+308 2.46171878299756 -2.13557970343883 -6.92223580410808
1.79769313486232E+308 0.719898823052599 -6.14011683321563 4.70514810397529
1.79769313486232E+308 0.704627228297586 -1.11933339904963 -9.0062602791033
1.79769313486232E+308 2.17177549012554 -6.57635162425058 0.361720225942189
1.79769313486232E+308 0.0257589714721576 -1.05505242527232 -9.05157314569297
1.79769313486232E+308 9.12086996208917 -3.19357764590233 -9.01930940291812
1.79769313486232E+308 -7.48272589290641 -6.71107926252814 -5.85939307504305
1.79769313486232E+308 2.3992973623794 -2.34637998619414 -5.19519081115499
1.79769313486232E+308 0.69673359892179 3.09189728139522 -5.41198789859749
1.79769313486232E+308 -1.79229222787185 0.282292538453961 -9.11509025800745
1.79769313486232E+308 1.6736821325839 6.20789909558739 -7.8379373614853
1.79769313486232E+308 3.44052721440817 -6.75589871441754 -3.64220761397956
1.79769313486232E+308 -3.56870469337735 5.26101230423013 -9.85199570648931
1.79769313486232E+308 -8.3556974764707 1.53051958024992 -1.55593554096107
1.79769313486232E+308 6.52843082162013 0.843591974509689 -2.91897835811552
1.79769313486232E+308 -8.02145571355776 -6.52976402851276 -9.96845720334372
1.79769313486232E+308 -1.97984471543685 -4.95579981941534 -3.09116178801803
1.79769313486232E+308 2.61026293626533 -4.34564401132317 -8.34586258900625
1.79769313486232E+308 0.3662352312199 -5.80015182299547 -3.47162944892032
1.79769313486232E+308 0.197281898091212 -4.89936114982672 4.46896302256219
1.79769313486232E+308 -3.69098765481775 7.08011246150365 -4.38511295913957
1.79769313486232E+308 -1.65941055475707 -2.33203425646389 -0.146072912097942
1.79769313486232E+308 -0.38132139965022 -5.54724897981959 1.7907763327429
1.79769313486232E+308 -1.05578791864952 -4.00582047831538 3.42936606771749
1.79769313486232E+308 -0.367860063150459 9.00761469221097 -6.96990171306296
1.79769313486232E+308 -4.4451095417352 -1.01635921328159 -5.27317912097703
1.79769313486232E+308 0.202147918847457 5.66953194125999 -3.60987649001641
1.79769313486232E+308 4.41665575579584 -7.58701896182588 -9.44628286149645
1.79769313486232E+308 7.05491112407991 5.50027211918508 -6.56352854173795
1.79769313486232E+308 3.25442121050061 3.01800923096854 -5.95232972686753
1.79769313486232E+308 -7.02608995001115 5.85880773880463 -1.41998465704731
1.79769313486232E+308 2.18552097314294 -9.43485803875833 -3.90697584203769
1.79769313486232E+308 1.43886473562516 -2.72878538478575 -1.02394312202183
1.79769313486232E+308 -0.00406902749280924 -0.688927346229985 1.77973593202407
1.79769313486232E+308 0.273296111390597 -5.49919209233448 7.85718991321381
1.79769313486232E+308 -0.00710539054456305 6.37771872634893 -4.01039453875757
1.79769313486232E+308 5.30419057016456 -7.7688652173471 -8.15216092306756
1.79769313486232E+308 -1.59982244092963 -2.94101984842728 -3.81080053458493
1.79769313486232E+308 1.65673552623798 -5.2927072510555 3.60147854946623
1.79769313486232E+308 0.722825429738883 -4.31454222384586 -4.52450069343881
1.79769313486232E+308 -9.40797446268051 -7.80737363631249 -5.81257676510726
1.79769313486232E+308 -9.89658130328012 2.45643672182059 -8.21424691854708
1.79769313486232E+308 -0.539654675191109 -2.51723824651783 -3.26990775450594
1.79769313486232E+308 0.478487401492188 0.0964622525947476 -6.53132904159433
1.79769313486232E+308 4.86548885463993 5.81260313084936 -1.24550174514088
1.79769313486232E+308 -4.55116131089216 -1.49158680415321 -5.16967919430215
1.79769313486232E+308 -3.96068001816081 -8.11832974577245 -0.119633530322291
1.79769313486232E+308 -8.23316678322533 -4.5760198936686 -8.07735838837799
1.79769313486232E+308 2.82923237086704 4.71216503284507 -9.96149158103461
1.79769313486232E+308 7.6604158420397 4.35727428382136 -6.71012706901418
1.79769313486232E+308 -8.20695274425994 -5.21403620728014 -9.9132017790867
1.79769313486232E+308 0.00772061292441606 -4.23398988984245 6.88801080774889
1.79769313486232E+308 2.51699725748831 -2.28470821505632 -1.26154009777193
1.79769313486232E+308 -9.35482149913666 6.28731760023502 -6.14353271952995
1.79769313486232E+308 6.84972577581635 6.88806966733563 -3.02365718084558
1.79769313486232E+308 -3.51644797880037 -6.5789746570303 -4.39890850074538
1.79769313486232E+308 -6.56983746055972 7.20507301260022 -8.544671152972
1.79769313486232E+308 -4.7458975923927 -5.15439928283654 -4.66567355891022
1.79769313486232E+308 2.99235566192882 9.16333164049468 -9.85000663429965
1.79769313486232E+308 6.18204113849534 -4.85658141544861 -3.35801750112233
1.79769313486232E+308 -4.66937299569574 1.9072575736359 -2.86329123790529
1.79769313486232E+308 -5.29749899883638 -3.42244192651587 -1.43906290244268
1.79769313486232E+308 3.15354110354257 1.26814918185964 -2.61057402594507
1.79769313486232E+308 -0.514568644815389 -6.14262988611247 7.72473802684096
1.79769313486232E+308 -3.17365054654593 -4.85980734921052 -4.53479883937854
1.79769313486232E+308 4.04977407029354 1.27897550877136 -7.7637807269412
1.79769313486232E+308 1.79530426477795 0.512901838176372 -0.545958704569358
1.79769313486232E+308 -2.44527695348732 7.55967370120793 -7.97554461191201
1.79769313486232E+308 -0.478229630029867 -5.25503384659767 2.87089693959379
1.79769313486232E+308 8.38902494795109 8.50427755085019 -3.23293507715358
1.79769313486232E+308 9.76055176917489 3.55868954842849 -5.88789941551532
1.79769313486232E+308 6.4992826695085 -9.38066438742944 -3.77433604270887
1.79769313486232E+308 8.4323900465073 8.01114261057747 -9.24475265631673
1.79769313486232E+308 7.93538467862428 -8.06929169132807 -3.7023035873204
1.79769313486232E+308 5.70028263875296 7.12410228192998 -1.99694076180316
1.79769313486232E+308 -9.92822305295999 -4.7084240218198 -3.83175385828677
1.79769313486232E+308 7.81629748540758 -4.07960684694331 -3.21072003487997
1.79769313486232E+308 -1.3277766161262 -0.0236807623988398 -0.411778898170116
1.79769313486232E+308 1.92075715955382 0.123796663304695 -7.23014937584761
1.79769313486232E+308 5.79879143079687 -0.0583045976507961 -6.42155613583585
1.79769313486232E+308 2.86916552710774 1.08938032346283 -3.26617645717514
1.79769313486232E+308 2.11564959591052 0.193996238612568 -7.4410127650206
1.79769313486232E+308 2.45431491753753 -7.31125769080187 -8.61982473107978
1.79769313486232E+308 -6.4078396448902 -3.48836711304652 -2.11265405272723
1.79769313486232E+308 -9.9425821844221 -8.05574571623269 -2.36170360462819
1.79769313486232E+308 -0.642641675957776 9.9014912079561 -2.81759312041923
1.79769313486232E+308 -5.76970726985936 1.02989302530414 -1.8572037908515
1.79769313486232E+308 -8.38742154575299 5.74137361521896 -2.00255888141811
1.79769313486232E+308 -0.111715928703415 -0.72299482800206 -5.42225256349065
1.79769313486232E+308 4.19776838933945 -1.48868260508807 -0.775105697463781
1.79769313486232E+308 8.84647759555209 4.13025287637964 -7.61678381712026
1.79769313486232E+308 1.68371930331165 -6.90304340650469 -7.21274889875797
1.79769313486232E+308 4.33939031061688 7.00793802598861 -4.43195432165263
1.79769313486232E+308 0.32724264558742 -0.556215974761274 3.35488141204923
1.79769313486232E+308 0.762833501567521 2.98227807180131 -2.57260899644932
1.79769313486232E+308 6.24733327713205 -2.25522013020479 -5.83988240726287
1.79769313486232E+308 9.18496576099888 -1.51553209475965 -9.36671038128748
1.79769313486232E+308 3.34318073156438 2.54657342682899 -2.06706356819117
1.79769313486232E+308 -0.375551781791986 -9.41205499666373 1.57039501311742
1.79769313486232E+308 1.75383472431164 -5.97175201213535 -7.7344713163257
1.79769313486232E+308 1.22286602446012 -1.91635590601543 -8.85202519542166
1.79769313486232E+308 8.6271335085049 5.01280262834057 -4.14507759462347
1.79769313486232E+308 1.29928805460189 1.50111576146498 -9.96494978664673
1.79769313486232E+308 -5.32678861884716 8.56871874936331 -9.45404553760497
1.79769313486232E+308 -3.24153978994188 -5.02830246231905 -0.506823915292893
1.79769313486232E+308 5.55531934628045 0.844292925132574 -2.74223460477881
1.79769313486232E+308 -0.958260805792296 -2.56886896331276 -5.5437800826243
1.79769313486232E+308 2.58075970810873 -3.27158840059842 -5.06219468780895
1.79769313486232E+308 4.70236836685909 4.10375229739759 -1.01410128689096
1.79769313486232E+308 5.08332818517616 -2.9193766568412 -4.54047076149866
1.79769313486232E+308 -2.39923029784077 9.40050583304861 -5.40790689895298
1.79769313486232E+308 -1.90558867152109 -0.414605685702806 -2.41832840834666
1.79769313486232E+308 -8.60129751199917 8.00688747223787 -7.35169374260665
1.79769313486232E+308 -2.46925069599843 4.25079117261376 -9.81863680287201
1.79769313486232E+308 -5.44462922748394 -8.42491851114897 -3.09566693058967
1.79769313486232E+308 8.27186668211215 3.95841100903154 -9.64949230647157
1.79769313486232E+308 7.19122879076341 -2.24765996087699 -8.28376358295035
1.79769313486232E+308 7.35613372053771 1.56373627091001 -4.26496145979732
1.79769313486232E+308 1.36106405936231 -0.686762244760414 -9.10315065602919
1.79769313486232E+308 0.477396282589712 -1.8020981791439 -4.54543708569623
1.79769313486232E+308 0.533051942723361 -1.93706508350422 8.54755485362725
1.79769313486232E+308 -2.7688361018751 -7.59798819087352 -8.64129924152107
1.79769313486232E+308 -8.80548652205872 0.917672762143273 -0.308647877680439
1.79769313486232E+308 -8.89973134682501 -2.80076294802165 0.0113452179410238
1.79769313486232E+308 5.84369128376417 -7.6144984632798 -3.59416787214306
1.79769313486232E+308 5.74212405632349 -9.15482915898544 -8.03233425041304
1.79769313486232E+308 -8.48396602016127 0.124969822412808 -0.838275538216473
1.79769313486232E+308 -5.62366221827625 -9.1163322232274 -8.88466406561651
1.79769313486232E+308 -2.99215837055452 2.00786118954786 -2.56295689035345
1.79769313486232E+308 -8.59930849568886 -5.91634743656793 -2.63386560260964
1.79769313486232E+308 -7.00567879574638 4.73527222626623 -2.64726902015846
1.79769313486232E+308 -6.5131028352832 -5.22267497853501 -2.07003054771108
1.79769313486232E+308 6.67042507634984 -9.24478138761818 -3.74886906414706
1.79769313486232E+308 -9.1503792438425 6.79295674748391 -2.70689705047146
1.79769313486232E+308 0.424377289798286 -9.59859514590287 7.88243354199567
1.79769313486232E+308 1.31708665346591 -3.88001598132775 -0.36512792593107
1.79769313486232E+308 0.998245156834948 -0.995309739837101 -4.4006184555593
1.79769313486232E+308 -9.52176270984195 -8.61798342252988 -3.85160444949363
1.79769313486232E+308 -2.84122397789789 -5.2697335720387 -6.67156604894975
1.79769313486232E+308 -8.24665056459915 -9.89533134731247 -6.72972803783125
1.79769313486232E+308 9.04861509755655 1.99607604741867 -4.26941803389667
1.79769313486232E+308 2.75986291130998 -8.20212632333959 -2.67623462373215
1.79769313486232E+308 3.59245029911047 -2.19921223456003 -2.71064812909376
1.79769313486232E+308 -8.85529260097784 6.66177233525634 -1.55398441085312
1.79769313486232E+308 8.15669056873615 -5.8416893686362 -8.61028240928905
1.79769313486232E+308 -0.0621730787969064 -8.12894149596288 7.25775474554754
1.79769313486232E+308 6.0046685747824 -2.47744683757305 -6.09090235833586
1.79769313486232E+308 6.82397709080203 -8.5703778073985 -0.61405946994855
1.79769313486232E+308 6.45547101109078 4.39891311079213 -7.06760724869911
1.79769313486232E+308 -1.62779724766864 4.8513842256979 -6.12208515225075
1.79769313486232E+308 2.20078676575831 2.74217697453786 -7.88716564787885
1.79769313486232E+308 -3.97500036003767 -9.27310618538088 -5.34748318388475
1.79769313486232E+308 6.59529497688417 -8.29878044235463 -0.240602479428333
1.79769313486232E+308 8.45732483941006 0.301769548236287 -7.63931146712942
1.79769313486232E+308 3.38570721139466 -8.43437583112827 -2.98032572166078
1.79769313486232E+308 6.92629689207594 7.89178355498788 -3.72576794294909
1.79769313486232E+308 -9.35493561409178 -5.37680967495628 -1.31255478193637
1.79769313486232E+308 1.98203647135852 -9.80626699505666 3.6171104636123
1.79769313486232E+308 -2.7268938220697 0.44295379446957 -5.76164392557072
1.79769313486232E+308 3.78046093218981 5.47366915991235 -4.98442446579431
1.79769313486232E+308 5.2691751882756 -3.43485423058032 -0.303300558730633
1.79769313486232E+308 -6.01364362799267 3.74346192634826 -7.55959257369842
1.79769313486232E+308 1.21393587031119 2.63267731882291 -5.27888834256627
1.79769313486232E+308 -6.14559534757659 2.2534692065108 -4.7873816335515
1.79769313486232E+308 -4.47895855385762 5.04331560574626 -5.22712254674506
1.79769313486232E+308 -2.62163863173762 9.60524627920485 -3.90804499104062
1.79769313486232E+308 -0.0561653403826821 -7.59682540669889 7.81027647564666
1.79769313486232E+308 -9.66611527822265 -0.0739437202336006 -6.77980004659845
1.79769313486232E+308 -8.02339731623577 0.810391377103697 -6.41303874385219
1.79769313486232E+308 -5.84205666363335 -0.790162873822339 -5.8110090046241
1.79769313486232E+308 0.416527134560294 -1.42242909009681 1.89235788392478
1.79769313486232E+308 1.81289077355195 4.51494915155459 -9.42499008002923
1.79769313486232E+308 3.44798928752914 -3.99620297085317 -9.6834464276598
1.79769313486232E+308 2.79346494599872 -2.95552335351497 -0.320810000561554
1.79769313486232E+308 3.62128548027076 -0.899282717564741 -3.85080887649712
1.79769313486232E+308 -9.91294537666857 7.01208006451469 -7.35081575687547
1.79769313486232E+308 -2.37456123920836 -4.52993279999585 0.674559255444704
1.79769313486232E+308 8.3835927482618 -5.12593497295209 -4.67069219549684
1.79769313486232E+308 -4.23436637699342 -8.71381171919117 -2.99130445019868
1.79769313486232E+308 0.427142190945865 -1.50508999428949 0.444497303312875
1.79769313486232E+308 -8.95437244277185 5.58212812784227 -0.862226901046107
1.79769313486232E+308 6.08375719566073 0.325747826288335 -1.27094217169608
1.79769313486232E+308 5.24631629476618 6.73107437637219 -6.91271045101467
1.79769313486232E+308 -2.96999424368608 -9.23041716182158 -2.03063830362197
1.79769313486232E+308 -4.26812480868219 3.79598932983167 -6.29455720833249
1.79769313486232E+308 -0.182131896811599 5.72150932425703 -5.50029695755816
1.79769313486232E+308 -3.81535808267787 -6.80585671067511 -9.39419272327525
1.79769313486232E+308 5.70469382019001 9.04142706610329 -8.57004806332758
1.79769313486232E+308 3.51141114417064 0.224070656217668 -6.68324068965541
1.79769313486232E+308 -2.43361560275481 5.63027888332972 -4.83625941669394
1.79769313486232E+308 5.29691122253282 8.73562786669267 -3.96012801395735
1.79769313486232E+308 0.277621173429125 -2.66014735803946 -2.27467283246791
1.79769313486232E+308 5.98911855183035 1.66949291325616 -1.6426814401721
1.79769313486232E+308 -1.39755535470208 3.51859461214328 -4.97775436145149
1.79769313486232E+308 -1.86860238754591 -3.01509629609766 -0.902553690086377
1.79769313486232E+308 -2.01508603618251 0.173437041311262 -0.420240969592818
1.79769313486232E+308 -1.46881993462742 9.26116568001973 -4.24643832922282
1.79769313486232E+308 8.50267144781662 -3.3055334227651 -4.78296674545061
1.79769313486232E+308 -8.2430433753147 -1.99579541198714 -8.5039441280551
1.79769313486232E+308 7.61835704446694 -4.23047627053711 -4.70999020836781
1.79769313486232E+308 -9.22173012943088 -6.58320763920583 -4.76688958460786
1.79769313486232E+308 -3.53233210441299 8.45487431551091 -5.68396041900104
1.79769313486232E+308 6.89891774062948 -7.10232796943855 -6.35212590748078
1.79769313486232E+308 -6.17380264037 3.03511663947027 -2.17350969657931
1.79769313486232E+308 3.03765185784439 -1.18140762261181 -0.481911995672581
1.79769313486232E+308 7.0585218710166 6.18188122109597 -6.66007840850394
1.79769313486232E+308 -9.47954874461496 7.38477580127529 -1.33242906598953
1.79769313486232E+308 5.86156165965906 -2.90724133742379 -1.44952931043204
1.79769313486232E+308 0.583784510653365 4.95136216979072 -2.85057707356782
1.79769313486232E+308 -6.08155809160395 -4.15049115854804 -1.67268097944217
1.79769313486232E+308 -3.75370484485929 -5.57666887323217 -7.43966632403418
1.79769313486232E+308 -3.65270980338227 -1.91975621130306 -0.79169673416377
1.79769313486232E+308 -3.52178598452443 -0.590853975429598 -7.72700690558507
1.79769313486232E+308 9.15891936941022 -7.45188303173142 -7.10775374300208
1.79769313486232E+308 -9.36471715539913 -8.82837357876281 -4.26864499890648
1.79769313486232E+308 -2.5602457451449 7.17609019818534 -8.27416628518801
1.79769313486232E+308 -9.03238268524054 -3.52526263963676 -8.76948094869474
1.79769313486232E+308 6.19049866506387 -6.8609861176745 -8.23414030402626
1.79769313486232E+308 -0.759813138637606 -7.10305659896837 -6.67042093196438
1.79769313486232E+308 9.45926766817424 -7.25748278072918 -4.85918757266327
1.79769313486232E+308 6.13543869747568 4.2071943330612 -4.7163582661731
1.79769313486232E+308 6.16376247078356 -0.218806550939943 -8.42820074336054
1.79769313486232E+308 1.4990820882372 -5.24047746101416 -6.69860812681662
1.79769313486232E+308 -4.56492723644009 -4.38898768946016 -6.74829529446936
1.79769313486232E+308 -2.51753044897575 -4.48940329928389 -7.06559133579284
1.79769313486232E+308 6.8401813492366 -7.37598399509489 -1.62875536439417
1.79769313486232E+308 -8.95752595689033 -8.21614160119376 -0.867414954522353
1.79769313486232E+308 7.7514338296612 -5.50015585287481 -3.03556791182401
1.79769313486232E+308 -9.55228673273338 1.27599178407155 -2.60510325087472
1.79769313486232E+308 -0.4150970142405 -5.30858342317333 8.37949134333967
1.79769313486232E+308 -7.79359623687044 5.092964654366 -0.578424991377828
1.79769313486232E+308 -7.48696897993189 -4.84672673737944 -4.94012916225015
1.79769313486232E+308 -6.50420787581439 -2.31636106610129 -8.88883183658534
1.79769313486232E+308 6.28727261735465 6.38126540760569 -2.36845584230891
1.79769313486232E+308 -6.49074315861368 -2.67156490714828 -8.60737362811685
1.79769313486232E+308 1.97555777243132 1.45757105735018 -9.90579725238764
1.79769313486232E+308 -4.66191508558668 -1.70662972689915 -4.6712025695812
1.79769313486232E+308 3.86695992847297 -2.05456959645011 -2.27714641591401
1.79769313486232E+308 7.54285707955382 -8.13348039897786 -1.37132688955
1.79769313486232E+308 -7.42632076955695 5.54503006653163 -0.593120507240817
1.79769313486232E+308 6.17476292707714 -6.20939825484967 -9.92620443921825
1.79769313486232E+308 -2.36591904068641 4.89112158068042 -5.35163697570173
1.79769313486232E+308 5.83929414667156 0.230845990698247 -6.36460640298417
1.79769313486232E+308 -0.672627738990183 0.258236942001728 -2.4046573007501
1.79769313486232E+308 9.90594484838934 3.60969833732103 -9.81496792278018
1.79769313486232E+308 9.00287104724109 -0.944627807915504 -3.87781611358645
1.79769313486232E+308 -4.24694160662915 4.74873495043662 -5.61430090834121
1.79769313486232E+308 -9.44394056659375 5.00333621865294 -9.9166997242331
1.79769313486232E+308 6.91359208753034 -0.836678012663814 -5.49723147204948
1.79769313486232E+308 -6.92550944021228 -3.26561491622851 -4.68581592416662
1.79769313486232E+308 -8.9666695887999 4.54793980091249 -2.40344713088286
1.79769313486232E+308 -6.01713370346331 -5.52952574357834 -4.9538137926505
1.79769313486232E+308 -4.4409502458018 -1.3687900879275 -4.16425061140407
1.79769313486232E+308 -2.487957576517 -7.007647239141 -5.55362365001516
1.79769313486232E+308 5.6822635492693 -6.8517712302747 -7.58680787756425
1.79769313486232E+308 -3.1755752084663 -4.06719722508788 0.528930719256834
1.79769313486232E+308 8.5256310172964 0.298522492078376 -4.07485723219572
1.79769313486232E+308 -3.96326252909529 2.93072579099365 -5.30715226908547
1.79769313486232E+308 -0.167926964428242 -3.47820860961369 9.44417199094043
1.79769313486232E+308 -6.8498234808677 9.77227235202318 -4.32463658709295
1.79769313486232E+308 6.01260875166049 8.17676641893422 -8.2799234419502
1.79769313486232E+308 4.51725548809266 -7.34741339336495 0.66166927603151
1.79769313486232E+308 1.32831699742392 -9.99945187941168 9.78771326122233
1.79769313486232E+308 6.2341677566218 -8.52469504742171 0.0616269698653493
1.79769313486232E+308 9.75352861907032 6.22568122866828 -6.54772334571356
1.79769313486232E+308 1.08475872831641 -3.44691878810847 -5.55174735167611
1.79769313486232E+308 -9.75022064510278 -0.0527105340979581 -9.95100744066341
1.79769313486232E+308 -3.06000021894462 5.89024243684962 -5.45223669868532
1.79769313486232E+308 -1.10138185839233 -9.88078582095019 2.0459830351388
1.79769313486232E+308 -8.50603992981186 -6.60335209993802 -6.4534088766451
1.79769313486232E+308 -7.77691324137939 1.20108568631163 -8.75820818299344
1.79769313486232E+308 2.00586128607665 -7.68074348460918 -9.83391025095895
1.79769313486232E+308 -3.78658337229238 -1.62352835369461 -5.37490637757578
1.79769313486232E+308 -0.738536878832866 -0.692811082439874 -6.65749317810754
1.79769313486232E+308 -3.59108885451736 7.87152328429349 -8.95526783492196
1.79769313486232E+308 -3.820983718066 -7.81385941329126 -3.56613296715828
1.79769313486232E+308 2.40226961318509 -8.54211471906962 1.97880659810212
1.79769313486232E+308 8.80720074233003 -4.70520487739947 -6.14135403937723
1.79769313486232E+308 5.6061945369496 -2.97148384757875 -8.4931699272679
1.79769313486232E+308 -9.05613988593972 -9.27341684665224 -2.48622920945577
1.79769313486232E+308 -0.11051171930065 8.4020568516115 -8.81429716889481
1.79769313486232E+308 6.7485805585741 -2.79538261368656 -0.201704469603349
1.79769313486232E+308 -9.80294034807148 -3.16059068458182 -8.35988589486102
1.79769313486232E+308 -6.55115724380648 2.94764381504974 -8.75364382693248
1.79769313486232E+308 -0.334361638098192 3.81114701452253 -3.08141363462499
1.79769313486232E+308 2.6462870243221 -7.71819589553317 1.28049632128351
1.79769313486232E+308 1.43875651594193 8.6831481469251 -3.43016378275592
1.79769313486232E+308 -0.220475676572171 -4.53494896857764 7.14494013094573
1.79769313486232E+308 -4.25066885270675 6.28952800123465 -6.21591626490276
1.79769313486232E+308 -7.81948893229453 4.71942228950533 -7.78748301686136
1.79769313486232E+308 -9.40481557483078 -2.72361734543164 -4.68283115638552
1.79769313486232E+308 -9.73952610033542 1.27822175215847 -3.08456386117477
1.79769313486232E+308 9.68741952427077 -4.7068147616027 -3.28730369605464
1.79769313486232E+308 -2.4530133942389 -4.69017595736784 -1.47853076061165
1.79769313486232E+308 6.18462227107241 -3.33390172260529 -8.40437297634984
1.79769313486232E+308 2.66531847075807 0.465775956616632 -2.4376181850385
1.79769313486232E+308 5.18333041816174 -0.779775339541851 -3.47420363383098
1.79769313486232E+308 -2.23699938144395 -3.93808837697752 0.996342762837346
1.79769313486232E+308 7.42275652355643 -7.2017985383057 -3.13925240800681
1.79769313486232E+308 7.75478702865298 0.619440186125896 -3.88647642633248
1.79769313486232E+308 -4.33822694902226 -9.6091149931816 -3.28370343581014
1.79769313486232E+308 2.06795619431322 5.06620735631613 -3.27915103793105
1.79769313486232E+308 -2.6739183127293 -8.52847418679319 -4.99408900504657
1.79769313486232E+308 -5.11718081083017 -6.56208941552885 -4.66247859162394
1.79769313486232E+308 4.25426562980482 -6.26387421799073 -1.78744367872712
1.79769313486232E+308 -7.179759814022 1.76098347257869 -7.5926835451241
1.79769313486232E+308 -9.85554897219667 -9.05561476901901 -9.00365386111832
1.79769313486232E+308 -3.75918698206506 -1.16378638481897 -5.5164075342549
1.79769313486232E+308 -1.27558966692332 -7.52856555279743 0.788730434509334
1.79769313486232E+308 6.19512854898122 -9.22104613819208 -6.8026059664798
1.79769313486232E+308 -6.69883211920915 6.04662402348901 -8.49651016224944
1.79769313486232E+308 -3.32925826931803 -7.07854484071887 -4.90795976245215
1.79769313486232E+308 -7.30000574016013 -0.752283991664781 -6.69477611626255
1.79769313486232E+308 -5.68646749280694 -2.81836934053263 -9.47285941777418
1.79769313486232E+308 -5.99043514392825 5.85991044335994 -2.42290150952661
1.79769313486232E+308 2.53926824430901 3.03623488779936 -3.13511651620973
1.79769313486232E+308 -4.54565796747136 8.76567587198954 -2.61494208714689
1.79769313486232E+308 7.79895210536148 -8.00428538490286 -3.61550892405934
1.79769313486232E+308 1.91136341165349 -0.504860715244366 -0.423154956858212
1.79769313486232E+308 -1.05195568457803 7.82796767439133 -9.31999932942912
1.79769313486232E+308 2.36806419322643 -8.07271948925812 -8.34541704428634
1.79769313486232E+308 -6.04354811648072 -5.28515452299507 -3.38847599615738
1.79769313486232E+308 -0.611015069582972 0.761899636481843 -6.98961086431035
1.79769313486232E+308 4.33194328766872 -9.37291849375373 -7.37739562866157
1.79769313486232E+308 3.12840843253229 -9.82879594891742 1.10895437705748
1.79769313486232E+308 -4.78969947192338 4.83685647828358 -5.22553432510492
1.79769313486232E+308 8.92001392269508 9.44097799222962 -1.31566242841802
1.79769313486232E+308 -6.625898059749 7.27275705769321 -8.38229408412347
1.79769313486232E+308 8.05739629923245 -9.95513007974025 -6.93190996392253
1.79769313486232E+308 2.74732817557982 -7.9809754704968 -5.94874441435036
1.79769313486232E+308 2.8402167990991 -5.34940129860742 -2.26805423957671
1.79769313486232E+308 -1.34232166751396 0.183370341632223 -8.23419930331139
1.79769313486232E+308 7.60409297310007 -4.78193569685423 -2.26670848776899
1.79769313486232E+308 -1.95913565901999 1.97167235984079 -5.97751273586299
1.79769313486232E+308 8.69744985303723 5.07101213329984 -9.87366586917716
1.79769313486232E+308 -9.35688060678396 1.47266718161882 -2.15554876819046
1.79769313486232E+308 -1.422870974719 -2.51297729672537 -5.56726931387897
1.79769313486232E+308 5.43508547145644 -2.10760679659788 -3.35831043001186
1.79769313486232E+308 -6.35012244635733 3.50701095233998 -4.7756791649273
1.79769313486232E+308 -9.29641284947117 0.116947325932305 -5.79948094477853
1.79769313486232E+308 9.99865424819228 -4.76276225166524 -8.81043563541511
1.79769313486232E+308 0.464361454576423 -6.13942958234783 7.45663346604287
1.79769313486232E+308 -0.981910373541485 -7.61255461611438 8.78212557117554
1.79769313486232E+308 -5.07645558336585 -8.24134259402814 -2.67661677332437
1.79769313486232E+308 -5.37216680840224 8.77922540473716 -8.02729830985297
1.79769313486232E+308 -4.3487451012939 -8.01273854356852 -3.65416170733709
1.79769313486232E+308 -6.69943917389002 -6.73763561841922 -2.82138107010228
1.79769313486232E+308 8.79816642906431 -4.43335420192841 -8.71570255547562
1.79769313486232E+308 0.959826312474824 0.178757938639613 -2.38790323603335
1.79769313486232E+308 0.38781776576667 9.55903939882248 -4.90042268061099
1.79769313486232E+308 -4.34939488505451 0.511541054822292 -3.86626420256973
1.79769313486232E+308 -6.74838085507433 5.05233225182273 -1.87031413049917
1.79769313486232E+308 -8.29850720162434 6.69809342208229 -8.02512663324602
1.79769313486232E+308 7.85468076255856 -3.7912886188325 -3.79084012182003
1.79769313486232E+308 7.49782812665116 2.28180719180117 -5.43993041638282
1.79769313486232E+308 8.73374152869626 4.61122872056962 -0.532075451003424
1.79769313486232E+308 -8.95511686753254 4.16633821752217 -4.63105757470758
1.79769313486232E+308 -5.36548658058303 3.65635209421457 -5.74435585911589
1.79769313486232E+308 -8.42633378618692 -7.16140358576616 -0.247943936962608
1.79769313486232E+308 6.90229770583208 9.65902639537073 -9.63909633440855
1.79769313486232E+308 -0.775949960004516 2.96606230221971 -7.18662132378045
1.79769313486232E+308 8.60946247289398 0.591228395044446 -6.78461698665499
1.79769313486232E+308 -9.87119165243171 -5.64731345309285 -0.502821277129847
1.79769313486232E+308 9.39239378058929 -2.10672190976642 -5.41367642367896
1.79769313486232E+308 -4.79249357003369 -2.81881446615738 -6.01718142443205
