0.814187228326001 -1.7459093759319 5.76680332040873 3.60878202339517
0.814426220291022 -1.78755240562918 6.61856942333989 3.53816381213696
0.814431479033732 -1.76131402094177 5.01710365104427 3.57290597238506
0.814477476841766 -1.75507095498772 5.23463181167031 3.67040230641508
0.814556570829828 -1.6466244275659 3.90521482854616 4.34020222360515
0.814587577569416 -1.62958429689269 6.00773988153644 4.71857456706983
0.814635243102469 -1.57523681152534 4.59851220978082 5.12072397677933
0.814681858169734 -1.60822012997045 4.45636464295495 4.27934942736086
0.81473978443763 -1.59368870286808 2.92605745571237 4.65631168759511
0.814753793517023 -1.86154423646206 4.60952893261034 3.07447501828973
0.814860349705442 -1.55865207384736 4.36195482751385 4.61027331395128