2601.42319653361 3.10775010259967 0.136736111784269 2.87616760294837
3076.15101412387 3.29751171736261 0.623602028121644 2.13707460190835
3117.23654165376 2.88598205842521 0.418385530120691 2.99943930987655
3369.20319286734 2.6633903947414 0.44772093163439 3.43947321572311
3471.10131248313 3.15161625310229 -0.403141612725302 2.20422292213081
4825.37126983577 2.53418584032782 -0.0664525598341263 2.93051436770854
4960.15909720774 2.6528654852526 -0.685686775315221 2.57767744675211
6970.19869934691 2.46128982949423 0.0937131935843717 2.29523527001778
11790.672997554 1.98929470125435 0.418136062311143 2.40624903421887
13057.3747498786 2.21145520489382 0.381103625304478 1.67219225264805
=======================
5589.52152345858 2.59451821986331 0.452052199026594 2.41616660608732
10282.7850500826 1.47289469021973 3.19516793275027 4.79530868576621
19847.5565310174 2.64484706131967 -1.23497566032921 0.608953761686085
45375.7535430117 0.406610935650119 1.06012392605661 2.04732405815615
1.79769313486232E+308 0.811637972393836 4.86003057559022 -3.56670865256652
1.79769313486232E+308 -0.771911034254316 2.15821037402293 -2.25232986605369
1.79769313486232E+308 2.80793645875898 -3.94049188538477 -2.20026221461606
1.79769313486232E+308 -2.77208974108663 4.66384584999822 -1.7584550319046
1.79769313486232E+308 2.99399793985952 -0.839284814819361 -2.46914352638141
1.79769313486232E+308 -0.378320157238432 -1.41738729850267 1.57499558598501
