0 76.8199461426266
1 -0.867127581885569
2 -0.0713521262465615
3 0.54731160529477
4 0.320526360438154
5 -1.00010079841736
6 -0.22443073903825
7 0.507053664797432
8 1.85580359644325
9 1.19193730544385
10 -0.334796400394691
11 -0.0296125549428879
12 -0.256164318325193
13 -0.448148789883005
14 -0.399029594192514
15 -1.72133022861765
16 -0.269625086553078
17 -0.449336852363419
18 0.47816068086527
19 0.521002420039304
20 1.12601400182698
21 1.88899905705944
22 0.363732930889598
23 -0.787050244067836
24 0.595259055878771
25 1.71725286618124
26 0.766022852619646
27 -0.596662840314125
28 0.0912513873496373
29 -1.186906364253
30 -1.32084397523002
31 -0.366096565037555
32 -0.527998091690235
33 -0.437917086417517
34 -0.721978421623926
35 1.16066683212007
36 -0.327129715788104
37 0.613744586624879
38 1.88879992609231
39 2.453403639688
40 -0.22272896387278
41 0.943073227106178
42 0.0101970008088876
43 -0.507271912534798
44 0.926862608077302
45 -0.977690948372883
46 0.605589437259559
47 2.22933273226942
48 0.747799220592263
49 0.865393707676623
50 -0.61222417688064
51 0.394764081213707
52 0.497815305992463
53 0.587087360643591
54 0.179689376080365
55 -0.497875309160305
56 -0.51693820547147
57 -0.481801056749455
58 -3.86537561179912
59 -1.65828271580823
60 -0.711021513173926
61 -2.00088904212937
62 -1.7942803456483
63 -1.04568356098516
64 1.92724650001489
65 0.761981222245832
66 0.958734691628065
67 -1.07470705601811
68 -0.270659112654484
69 -0.330000883297732
70 -0.787201505958281
71 -0.617775645045104
72 -0.639171652566689
73 -1.16709463409244
74 -0.144387793685108
75 0.198534814853255
76 0.164448242126751
77 1.00065163484357
78 -1.07449034474984
79 -0.814375778973439
80 -0.64619043481055
81 -1.56523030121192
82 -0.889580308605757
83 0.204289439938846
84 0.905478261431643
85 2.48323640166293
86 0.981922586897657
87 0.397501100398508
88 -0.175447432502067
89 -1.28573261292029
90 0.523742881342911
91 1.42543616278616
92 -0.228244378978774
93 0.433921480050791
94 1.753788060187
95 -0.313883480165608
96 -0.00730116808807679
97 0.208034446357047
98 1.1042938543211
99 0.0330770910871625
100 0.28588435304599
